Affinity matrix: 
0 0.00111959 1.19426e-09 6.0903e-18 3.62122e-59 0.000130027 3.2368e-27 1.70354e-27 1.24255e-34 1.21205e-09 6.13089e-14 9.9938e-40 2.69925e-47 4.91378e-12 4.50998e-46 1.13801e-52 1.04485e-10 9.15383e-32 8.56068e-22 1.00729e-37 8.40229e-17 6.17079e-14 9.25968e-18 2.61934e-38 1.07425e-05 1.58261e-51 1.13406e-122 3.50354e-38 1.37384e-80 1.27064e-24 1.63877e-61 4.11579e-68 8.89644e-39 1.27257e-16 3.31046e-30 7.55499e-29 2.01134e-28 5.49729e-128 4.59114e-18 1.82485e-40 6.17124e-33 5.74387e-15 1.93838e-61 1.03934e-14 3.60814e-47 3.36309e-23 3.72754e-33 3.73391e-38 1.17628e-35 4.17112e-27 0 0 0 0 0 0 0 0 0 0 0 0 0 0 0 0 0 0 0 0 0 0 0 0 0 0 0 0 0 0 0 0 0 0 0 0 0 0 0 0 0 0 0 0 0 0 0 0 0 0 8.42577e-194 9.88873e-218 1.08743e-209 1.39906e-255 1.37651e-213 4.63176e-232 1.10383e-283 1.5964e-196 7.25221e-193 2.01123e-186 1.38141e-233 4.74367e-150 4.35027e-264 5.49917e-284 5.48665e-223 3.95614e-141 3.14209e-268 1.49189e-317 1.5666e-252 1.12336e-131 2.95675e-160 7.34527e-211 3.26951e-236 3.21809e-143 3.25806e-222 2.79059e-317 7.83733e-135 9.16198e-259 2.25464e-175 3.01977e-196 6.84874e-243 3.91798e-243 1.75187e-154 4.31307e-115 4.40756e-205 5.62257e-285 2.83629e-165 1.54096e-143 5.60778e-181 2.60666e-96 1.93319e-262 2.16814e-197 2.51514e-157 1.1504e-187 3.09472e-226 6.5801e-223 3.33165e-295 9.63717e-156 8.83889e-202 8.71605e-248 0 0 0 0 0 0 0 0 0 0 0 0 0 0 0 0 0 0 0 0 0 0 0 0 0 0 0 0 0 0 0 0 0 0 0 0 0 0 0 0 0 0 0 0 0 0 0 0 0 0 0 0 0 0 0 0 0 0 0 0 0 0 0 0 0 0 0 0 0 0 0 0 0 0 0 0 0 0 0 0 0 0 0 0 0 0 0 0 0 0 0 0 0 0 0 0 0 0 0 0 
0.00111959 0 0.0244573 7.23951e-11 3.75986e-38 0.00206346 8.99568e-26 6.83323e-14 2.64532e-23 2.86465e-07 9.1782e-06 3.66392e-26 2.23842e-33 0.000958298 5.35642e-27 7.8053e-50 0.00820443 1.31945e-15 2.11831e-12 5.36482e-21 1.42952e-08 3.84461e-13 6.46704e-17 6.10215e-30 0.534304 7.10661e-31 1.96234e-90 2.14143e-24 1.46986e-62 2.10383e-26 3.36711e-54 7.50139e-49 7.93721e-22 2.34759e-06 4.10464e-22 9.36907e-18 1.25116e-23 1.65099e-104 9.41851e-08 8.57688e-22 3.05619e-28 2.35863e-22 8.17765e-50 6.77591e-06 2.55781e-29 5.14896e-22 4.52253e-21 2.00425e-33 2.64582e-18 2.36105e-17 0 0 0 0 0 0 0 0 0 0 0 0 0 0 0 0 0 0 0 0 0 0 0 0 0 0 0 0 0 0 0 0 0 0 0 0 0 0 0 0 0 0 0 0 0 0 0 0 0 0 6.17913e-154 2.22653e-172 1.09927e-166 1.04571e-212 6.80587e-177 7.01564e-189 1.81873e-232 2.57815e-162 4.90721e-152 1.49244e-151 2.02625e-190 5.83452e-122 3.66326e-214 4.41095e-237 3.42246e-189 7.3416e-117 5.83394e-218 2.25736e-271 2.10928e-207 1.30632e-97 1.93908e-127 1.37773e-168 4.59068e-197 1.06025e-110 2.08994e-182 4.25445e-274 1.44198e-101 1.44439e-217 1.9855e-141 3.23772e-158 1.20992e-193 1.07099e-193 4.00416e-116 1.25757e-87 1.29643e-172 5.05416e-235 1.475e-130 1.49625e-123 1.18275e-151 4.09886e-68 2.38412e-223 1.26197e-155 2.70878e-121 1.08328e-150 1.7588e-186 2.17328e-182 5.51902e-256 1.30175e-134 2.46161e-162 1.50066e-205 0 0 0 0 0 0 0 0 0 0 0 0 0 0 0 0 0 0 0 0 0 0 0 0 0 0 0 0 0 0 0 0 0 0 0 0 0 0 0 0 0 0 0 0 0 0 0 0 0 0 0 0 0 0 0 0 0 0 0 0 0 0 0 0 0 0 0 0 0 0 0 0 0 0 0 0 0 0 0 0 0 0 0 0 0 0 0 0 0 0 0 0 0 0 0 0 0 0 0 0 
1.19426e-09 0.0244573 0 1.32833e-09 3.10855e-26 2.085e-06 8.68395e-29 9.62355e-08 5.78861e-19 1.8632e-09 0.00202797 3.64245e-20 3.67676e-27 0.228963 8.12245e-17 6.1372e-52 0.887195 1.77185e-07 2.03183e-09 1.50024e-12 2.03258e-06 1.50716e-16 2.57625e-20 7.48985e-28 0.250654 1.61243e-19 1.19807e-70 3.22543e-18 2.06922e-53 8.53929e-32 5.23399e-53 1.0442e-38 3.21793e-13 0.0126608 3.51692e-20 1.51066e-13 3.71814e-24 1.95408e-91 0.000512844 8.23884e-12 7.2101e-29 8.26274e-32 2.13339e-45 0.00290899 4.18922e-20 3.37597e-25 3.79454e-16 4.70934e-34 2.79022e-09 3.7953e-14 0 0 0 0 0 0 0 0 0 0 0 0 0 0 0 0 0 0 0 0 0 0 0 0 0 0 0 0 0 0 0 0 0 0 0 0 0 0 0 0 0 0 0 0 0 0 0 0 0 0 6.45576e-128 2.08372e-142 2.19213e-138 2.59389e-184 4.6883e-153 2.35743e-160 4.45672e-198 2.56979e-140 2.41326e-125 4.09737e-129 6.75093e-162 1.60871e-104 9.06223e-181 1.00601e-205 2.06785e-167 3.28826e-102 2.62386e-184 1.98248e-240 2.04133e-177 5.20938e-76 1.43774e-106 8.56706e-141 2.14087e-171 4.04697e-90 2.59162e-156 2.63618e-245 1.67029e-80 2.32562e-190 1.07991e-119 1.73996e-133 7.43657e-161 8.82291e-161 2.12448e-91 8.87906e-71 7.68771e-152 1.65197e-201 2.59065e-108 5.33564e-112 3.19633e-133 7.34405e-51 1.20965e-197 2.94962e-128 3.70958e-98 9.53228e-127 2.06663e-160 8.70995e-156 4.20761e-230 3.41578e-122 1.40743e-136 1.23056e-177 0 0 0 0 0 0 0 0 0 0 0 0 0 0 0 0 0 0 0 0 0 0 0 0 0 0 0 0 0 0 0 0 0 0 0 0 0 0 0 0 0 0 0 0 0 0 0 0 0 0 0 0 0 0 0 0 0 0 0 0 0 0 0 0 0 0 0 0 0 0 0 0 0 0 0 0 0 0 0 0 0 0 0 0 0 0 0 0 0 0 0 0 0 0 0 0 0 0 0 0 
6.0903e-18 7.23951e-11 1.32833e-09 0 4.1165e-54 1.37666e-05 1.4751e-07 1.8022e-05 0.00156093 0.00932566 5.43777e-22 2.27445e-05 6.7512e-08 9.76431e-15 1.02627e-13 1.02173e-18 8.98939e-09 1.20474e-14 0.343501 1.97602e-09 0.329113 0.0002456 4.52717e-05 8.46577e-06 3.20535e-09 1.89441e-17 9.30632e-56 4.1144e-05 1.12736e-23 4.38657e-11 8.23795e-19 9.37367e-18 1.12409e-09 3.29546e-05 0.00755331 0.0280738 0.000198286 1.24716e-51 0.00152519 7.74794e-19 2.29547e-06 8.43775e-19 2.4339e-15 0.00445809 1.35291e-10 2.42778e-06 0.00246744 9.94345e-09 7.15099e-18 0.10327 0 0 0 0 0 0 0 0 0 0 0 0 0 0 0 0 0 0 0 0 0 0 0 0 0 0 0 0 0 0 0 0 0 0 0 0 0 0 0 0 0 0 0 0 0 0 0 0 0 0 1.56608e-174 7.88499e-179 3.59852e-181 1.06854e-246 4.04612e-216 4.69977e-213 1.81603e-243 5.53161e-203 6.99784e-168 9.10489e-187 2.8413e-215 4.54895e-163 7.65837e-222 8.42157e-267 4.80169e-239 4.42622e-164 5.34197e-226 7.95912e-314 3.38164e-232 9.41373e-109 6.76088e-159 4.57096e-187 2.09215e-236 1.56646e-135 6.22398e-215 0 8.26139e-119 7.67522e-258 2.41212e-175 6.94168e-187 2.70524e-191 6.50637e-190 2.13341e-119 5.01235e-116 1.51617e-220 8.14615e-253 8.74624e-158 2.96777e-180 6.03495e-200 3.35752e-82 1.17711e-270 1.90543e-169 1.8909e-139 1.48936e-179 1.30779e-220 9.22223e-213 1.59302e-311 9.49045e-193 3.56849e-188 5.21268e-239 0 0 0 0 0 0 0 0 0 0 0 0 0 0 0 0 0 0 0 0 0 0 0 0 0 0 0 0 0 0 0 0 0 0 0 0 0 0 0 0 0 0 0 0 0 0 0 0 0 0 0 0 0 0 0 0 0 0 0 0 0 0 0 0 0 0 0 0 0 0 0 0 0 0 0 0 0 0 0 0 0 0 0 0 0 0 0 0 0 0 0 0 0 0 0 0 0 0 0 0 
3.62122e-59 3.75986e-38 3.10855e-26 4.1165e-54 0 6.19787e-56 5.50945e-99 1.69932e-30 1.37124e-60 2.01298e-62 7.1129e-17 4.96577e-56 7.26988e-67 5.71959e-20 5.91668e-28 1.97378e-131 7.14539e-26 1.38158e-14 5.76559e-48 4.61788e-29 1.77343e-44 7.54831e-79 1.17454e-85 4.07154e-83 8.05656e-34 5.50019e-26 5.01949e-64 8.06645e-52 1.24616e-94 8.30722e-109 2.63203e-123 5.50364e-68 1.16491e-29 6.16026e-28 3.68657e-71 2.22016e-51 3.76201e-85 1.05828e-130 2.10022e-32 2.47161e-13 5.62816e-93 1.35179e-113 1.48001e-101 9.11128e-35 1.07e-40 1.61577e-93 2.50953e-53 5.13799e-101 3.46296e-12 2.99932e-56 0 0 0 0 0 0 0 0 0 0 0 0 0 0 0 0 0 0 0 0 0 0 0 0 0 0 0 0 0 0 0 0 0 0 0 0 0 0 0 0 0 0 0 0 0 0 0 0 0 0 6.1439e-40 1.62419e-52 3.12885e-47 4.49607e-73 3.33763e-55 1.73449e-58 1.74069e-85 1.51467e-48 2.09664e-39 4.77672e-41 2.32673e-59 5.5089e-31 1.30131e-75 1.18376e-86 2.94485e-67 6.19349e-34 1.00468e-77 3.36652e-110 6.08932e-69 1.10283e-15 1.00605e-28 1.11291e-47 6.33205e-66 3.78914e-20 5.53841e-56 2.20947e-115 3.21621e-16 1.21175e-77 8.06948e-36 1.22776e-42 2.64929e-68 3.7205e-69 3.23544e-26 1.68169e-12 9.29388e-58 1.20948e-85 4.16346e-29 7.5406e-47 2.26921e-48 2.22977e-05 5.57984e-84 1.37513e-41 1.86753e-24 6.3406e-39 1.47053e-58 1.52363e-55 2.11919e-107 4.83678e-52 2.22715e-44 6.64269e-69 0 0 0 0 0 0 0 0 0 0 0 0 0 0 0 0 0 0 0 0 0 0 0 0 0 0 0 0 0 0 0 0 0 0 0 0 0 0 0 0 0 0 0 0 0 0 0 0 0 0 0 0 0 0 0 0 0 0 0 0 0 0 0 0 0 0 0 0 0 0 0 0 0 0 0 0 0 0 0 0 0 0 0 0 0 0 0 0 0 0 1.82625e-300 0 0 0 0 0 0 0 0 0 
0.000130027 0.00206346 2.085e-06 1.37666e-05 6.19787e-56 0 1.75795e-12 7.25906e-14 9.04482e-16 0.0782807 3.85299e-15 1.41023e-19 1.49324e-24 1.96233e-10 4.79158e-28 1.17446e-30 1.39722e-06 3.20638e-21 4.23502e-08 2.17724e-21 1.57776e-05 0.000218412 1.37184e-06 3.96672e-18 0.000782489 6.74511e-33 6.02902e-89 9.36e-19 2.15968e-49 1.70348e-12 9.57012e-36 1.28857e-40 4.65328e-22 5.98498e-08 1.07891e-12 2.47835e-12 4.7741e-12 1.4061e-87 9.26158e-08 5.00972e-28 3.51248e-15 6.29441e-11 1.0301e-34 1.21897e-05 1.1154e-26 6.80873e-10 4.09407e-15 6.73273e-19 5.42981e-25 5.95114e-11 0 0 0 0 0 0 0 0 0 0 0 0 0 0 0 0 0 0 0 0 0 0 0 0 0 0 0 0 0 0 0 0 0 0 0 0 0 0 0 0 0 0 0 0 0 0 0 0 0 0 1.03419e-186 2.44777e-201 2.52542e-198 1.47119e-254 2.13575e-217 9.41847e-226 9.88738e-268 6.32088e-202 6.03432e-183 1.0059e-188 1.21686e-227 9.89773e-158 8.1743e-247 2.32099e-279 2.23242e-233 2.57871e-153 4.9735e-251 6.80279e-320 6.71409e-246 1.55668e-121 2.93147e-161 7.55291e-202 2.91552e-239 8.00625e-141 1.91741e-221 0 3.52427e-128 1.2736e-261 2.6832e-177 4.92494e-194 1.50939e-220 5.71416e-220 9.46805e-139 2.85838e-116 6.67501e-215 4.9323e-273 2.0807e-163 3.65287e-162 4.86707e-192 1.09716e-89 1.02686e-269 4.34536e-186 3.13458e-150 6.5782e-186 2.49178e-226 9.19042e-221 8.77242e-307 9.62844e-175 1.33759e-197 1.07038e-246 0 0 0 0 0 0 0 0 0 0 0 0 0 0 0 0 0 0 0 0 0 0 0 0 0 0 0 0 0 0 0 0 0 0 0 0 0 0 0 0 0 0 0 0 0 0 0 0 0 0 0 0 0 0 0 0 0 0 0 0 0 0 0 0 0 0 0 0 0 0 0 0 0 0 0 0 0 0 0 0 0 0 0 0 0 0 0 0 0 0 0 0 0 0 0 0 0 0 0 0 
3.2368e-27 8.99568e-26 8.68395e-29 1.4751e-07 5.50945e-99 1.75795e-12 0 7.25247e-23 7.94902e-10 1.01755e-06 1.32941e-48 3.60793e-14 5.69403e-14 6.70945e-38 1.29386e-35 5.5744e-05 6.78148e-28 7.32721e-41 1.29647e-10 3.8467e-29 1.28353e-11 0.00456472 0.0895263 8.03631e-05 2.61014e-25 1.62537e-41 8.46332e-82 2.84449e-15 2.12005e-26 0.127956 1.48197e-08 1.26396e-27 2.64233e-29 7.86609e-23 7.62804e-05 3.3747e-11 0.099193 1.59558e-52 4.05967e-19 2.7558e-47 0.111996 2.09962e-09 6.53352e-12 1.84365e-17 5.57117e-27 0.682674 4.06925e-12 0.038199 3.62585e-46 1.35842e-08 0 0 0 0 0 0 0 0 0 0 0 0 0 0 0 0 0 0 0 0 0 0 0 0 0 0 0 0 0 0 0 0 0 0 0 0 0 0 0 0 0 0 0 0 0 0 0 0 0 0 1.1114e-249 4.26101e-252 1.30548e-256 0 1.42649e-299 1.95716e-295 0 7.33286e-284 3.87811e-241 7.85018e-265 4.2102e-298 1.84312e-235 1.58435e-302 0 0 3.34476e-235 2.00757e-307 0 8.32848e-318 4.80283e-169 2.03656e-231 3.26229e-264 1.97626e-323 4.76018e-203 3.11891e-298 0 3.67083e-182 0 3.50265e-251 5.70633e-265 4.41338e-264 5.53954e-262 1.99919e-180 9.50141e-179 6.14338e-304 0 4.09904e-230 9.01972e-252 4.53502e-279 4.28494e-136 0 1.19884e-242 2.07995e-207 2.96578e-256 6.10666e-305 1.34611e-295 0 6.72002e-267 2.44824e-266 0 0 0 0 0 0 0 0 0 0 0 0 0 0 0 0 0 0 0 0 0 0 0 0 0 0 0 0 0 0 0 0 0 0 0 0 0 0 0 0 0 0 0 0 0 0 0 0 0 0 0 0 0 0 0 0 0 0 0 0 0 0 0 0 0 0 0 0 0 0 0 0 0 0 0 0 0 0 0 0 0 0 0 0 0 0 0 0 0 0 0 0 0 0 0 0 0 0 0 0 0 
1.70354e-27 6.83323e-14 9.62355e-08 1.8022e-05 1.69932e-30 7.25906e-14 7.25247e-23 0 5.62186e-06 7.42346e-12 1.01005e-15 3.81797e-05 6.98294e-09 3.34637e-10 0.00270931 8.60297e-37 1.36648e-06 0.000976679 0.00358821 0.14029 0.00221803 3.94943e-17 6.79457e-19 7.65839e-14 1.44427e-10 6.16968e-05 3.53421e-35 0.000484916 6.47491e-24 9.96404e-30 2.39817e-32 1.64129e-13 0.0989098 0.0226256 1.67204e-09 0.00172273 1.52672e-15 1.60072e-49 0.0948992 3.10287e-05 1.40251e-18 8.23049e-41 1.09293e-22 0.00814028 0.000843048 4.39079e-21 0.00051249 6.50296e-22 3.75826e-05 8.34697e-05 0 0 0 0 0 0 0 0 0 0 0 0 0 0 0 0 0 0 0 0 0 0 0 0 0 0 0 0 0 0 0 0 0 0 0 0 0 0 0 0 0 0 0 0 0 0 0 0 0 0 1.22493e-123 1.37197e-125 3.21959e-128 6.97992e-187 8.27786e-163 2.29099e-156 1.28296e-180 1.57638e-152 2.15939e-117 2.21244e-137 2.33183e-158 9.12997e-121 6.02573e-162 4.7166e-203 7.77308e-186 9.20465e-125 1.65753e-165 1.82784e-246 1.22616e-172 3.76626e-69 1.174e-113 1.14775e-133 1.0131e-179 4.3261e-93 8.22393e-160 1.20476e-258 4.29976e-78 4.92228e-198 1.10059e-127 1.4331e-135 6.11363e-136 8.0768e-135 8.37078e-77 3.67811e-79 7.84552e-170 3.13414e-189 1.71458e-111 2.50056e-143 2.25539e-153 1.65499e-49 3.5874e-211 2.0321e-118 1.20865e-94 1.3259e-129 5.55476e-165 1.8841e-157 6.79842e-249 9.41743e-154 5.85009e-136 2.97964e-180 0 0 0 0 0 0 0 0 0 0 0 0 0 0 0 0 0 0 0 0 0 0 0 0 0 0 0 0 0 0 0 0 0 0 0 0 0 0 0 0 0 0 0 0 0 0 0 0 0 0 0 0 0 0 0 0 0 0 0 0 0 0 0 0 0 0 0 0 0 0 0 0 0 0 0 0 0 0 0 0 0 0 0 0 0 0 0 0 0 0 0 0 0 0 0 0 0 0 0 0 
1.24255e-34 2.64532e-23 5.78861e-19 0.00156093 1.37124e-60 9.04482e-16 7.94902e-10 5.62186e-06 0 7.56054e-10 2.16922e-34 0.369844 0.0987962 4.42827e-25 7.00548e-10 2.03982e-15 2.27445e-17 7.54882e-17 0.0154663 2.56401e-07 0.000148352 1.68403e-10 4.76169e-10 0.0116232 3.92647e-20 7.61217e-13 9.04043e-38 0.223059 1.62448e-10 6.366e-16 7.57926e-12 5.10599e-07 3.08546e-07 5.19666e-10 0.105943 0.319953 8.39496e-05 1.19986e-30 3.7489e-07 3.88023e-19 9.26273e-06 1.10853e-30 9.00323e-07 6.73735e-08 3.11163e-05 1.06359e-09 0.579363 4.99405e-07 9.7681e-20 0.335781 0 0 0 0 0 0 0 0 0 0 0 0 0 0 0 0 0 0 0 0 0 0 0 0 0 0 0 0 0 0 0 0 0 0 0 0 0 0 0 0 0 0 0 0 0 0 0 0 0 0 3.06072e-174 1.22499e-170 4.06161e-177 3.60556e-250 2.14336e-224 1.2479e-212 2.32792e-234 6.14004e-213 2.46203e-165 2.46582e-194 4.08666e-215 5.78292e-176 4.75993e-212 8.22277e-267 1.05804e-252 4.77995e-181 3.46402e-216 4.88601e-319 3.97002e-231 1.79611e-107 5.88586e-166 7.11928e-185 1.29512e-243 3.43145e-140 3.11201e-219 0 3.16487e-120 1.7735e-264 7.81228e-183 1.62686e-190 5.70888e-178 5.92166e-176 3.68929e-113 2.4246e-124 4.5483e-234 7.03006e-247 2.29866e-162 8.63704e-203 4.95266e-215 1.04695e-84 6.1468e-281 1.05876e-165 5.81175e-140 9.77867e-184 1.50782e-225 6.4659e-216 0 2.57242e-215 4.43129e-190 1.44426e-242 0 0 0 0 0 0 0 0 0 0 0 0 0 0 0 0 0 0 0 0 0 0 0 0 0 0 0 0 0 0 0 0 0 0 0 0 0 0 0 0 0 0 0 0 0 0 0 0 0 0 0 0 0 0 0 0 0 0 0 0 0 0 0 0 0 0 0 0 0 0 0 0 0 0 0 0 0 0 0 0 0 0 0 0 0 0 0 0 0 0 0 0 0 0 0 0 0 0 0 0 
1.21205e-09 2.86465e-07 1.8632e-09 0.00932566 2.01298e-62 0.0782807 1.01755e-06 7.42346e-12 7.56054e-10 0 3.03387e-21 2.15547e-13 8.43482e-17 8.92672e-15 1.34191e-24 1.35808e-20 3.27313e-09 8.03074e-22 5.40543e-05 1.96365e-18 0.00111969 0.0895282 0.00593583 1.27196e-10 4.15451e-07 1.84633e-29 9.06243e-79 4.34728e-13 2.85854e-37 1.36879e-07 2.0865e-24 3.62579e-31 6.48527e-19 2.86146e-08 8.01664e-07 7.5247e-08 4.46634e-06 6.1447e-71 4.75727e-07 4.77222e-28 2.64772e-08 8.76005e-10 7.64552e-24 2.41419e-05 2.37251e-21 5.59739e-05 6.6112e-10 4.52197e-11 8.14882e-26 2.30081e-06 0 0 0 0 0 0 0 0 0 0 0 0 0 0 0 0 0 0 0 0 0 0 0 0 0 0 0 0 0 0 0 0 0 0 0 0 0 0 0 0 0 0 0 0 0 0 0 0 0 0 1.84514e-195 1.61705e-205 3.97257e-205 6.16388e-268 2.59553e-232 7.87141e-236 1.15776e-273 3.09543e-217 3.96903e-190 3.21841e-202 6.00805e-238 5.79824e-173 1.40892e-251 1.90416e-291 9.03632e-252 1.81501e-170 6.30194e-256 0 2.93471e-256 7.02765e-127 2.06701e-173 5.68359e-210 2.62899e-254 9.95651e-151 3.25258e-234 0 1.4922e-135 4.6722e-277 2.54779e-190 1.94391e-205 6.65612e-222 7.55264e-221 1.3379e-141 3.41735e-127 1.34474e-232 3.29049e-281 3.33656e-174 2.34264e-182 9.68627e-210 8.29133e-96 1.91397e-287 1.27211e-192 5.15581e-158 2.44531e-197 1.22291e-239 7.81693e-233 0 1.83844e-195 4.21614e-208 7.15371e-260 0 0 0 0 0 0 0 0 0 0 0 0 0 0 0 0 0 0 0 0 0 0 0 0 0 0 0 0 0 0 0 0 0 0 0 0 0 0 0 0 0 0 0 0 0 0 0 0 0 0 0 0 0 0 0 0 0 0 0 0 0 0 0 0 0 0 0 0 0 0 0 0 0 0 0 0 0 0 0 0 0 0 0 0 0 0 0 0 0 0 0 0 0 0 0 0 0 0 0 0 
6.13089e-14 9.1782e-06 0.00202797 5.43777e-22 7.1129e-17 3.85299e-15 1.32941e-48 1.01005e-15 2.16922e-34 3.03387e-21 0 5.74914e-35 2.37181e-44 0.171846 1.4487e-24 4.14909e-78 0.000703707 5.33661e-10 3.6475e-21 1.33368e-20 1.15027e-16 1.55561e-31 6.02245e-37 2.97764e-47 6.99742e-05 1.64797e-26 3.56147e-83 4.51248e-32 8.63138e-76 9.93924e-52 3.76163e-79 3.7522e-56 1.79375e-21 2.249e-08 4.8064e-37 9.75897e-27 9.79459e-43 1.28313e-118 1.99732e-11 4.27707e-14 5.68775e-49 3.00379e-48 9.47785e-69 1.05767e-10 1.70778e-31 9.40109e-44 4.70137e-30 1.09175e-55 7.05133e-11 3.87144e-28 0 0 0 0 0 0 0 0 0 0 0 0 0 0 0 0 0 0 0 0 0 0 0 0 0 0 0 0 0 0 0 0 0 0 0 0 0 0 0 0 0 0 0 0 0 0 0 0 0 0 5.23467e-106 2.30129e-125 3.59378e-118 1.92043e-153 1.38083e-122 1.01715e-134 2.01916e-175 2.25528e-110 1.55546e-105 8.1028e-102 6.76594e-136 1.39727e-77 1.26555e-160 4.59337e-175 1.22833e-132 6.1443e-74 8.77614e-164 3.74475e-203 2.09081e-150 2.24242e-62 1.98861e-82 9.02398e-119 1.46165e-139 8.82561e-70 7.09305e-128 5.50873e-205 6.10212e-64 6.33537e-157 1.3308e-93 4.11386e-108 1.38825e-146 3.37917e-147 8.18192e-80 3.70002e-51 7.93682e-119 8.6751e-176 1.72168e-85 8.72667e-81 1.11733e-101 1.01103e-38 1.84652e-161 4.5882e-109 1.26759e-79 7.91616e-102 4.03417e-131 3.72157e-128 2.52554e-189 1.38862e-89 5.20823e-112 2.13343e-147 0 0 0 0 0 0 0 0 0 0 0 0 0 0 0 0 0 0 0 0 0 0 0 0 0 0 0 0 0 0 0 0 0 0 0 0 0 0 0 0 0 0 0 0 0 0 0 0 0 0 0 0 0 0 0 0 0 0 0 0 0 0 0 0 0 0 0 0 0 0 0 0 0 0 0 0 0 0 0 0 0 0 0 0 0 0 0 0 0 0 0 0 0 0 0 0 0 0 0 0 
9.9938e-40 3.66392e-26 3.64245e-20 2.27445e-05 4.96577e-56 1.41023e-19 3.60793e-14 3.81797e-05 0.369844 2.15547e-13 5.74914e-35 0 0.264932 8.97223e-26 5.22532e-07 1.32883e-19 2.23345e-18 9.23168e-15 0.00177157 2.47873e-05 7.65677e-06 8.23109e-15 1.96023e-14 0.000204874 2.37237e-22 2.4081e-09 2.73693e-30 0.824538 7.40133e-09 1.81521e-21 2.25941e-14 0.000126432 3.5173e-05 2.73386e-10 0.00205602 0.129565 7.80294e-08 3.05829e-27 1.65313e-07 4.1788e-16 6.48924e-09 4.16724e-38 1.52989e-07 8.24333e-09 0.00508494 4.55974e-14 0.497634 2.95339e-10 3.72932e-17 0.0390244 0 0 0 0 0 0 0 0 0 0 0 0 0 0 0 0 0 0 0 0 0 0 0 0 0 0 0 0 0 0 0 0 0 0 0 0 0 0 0 0 0 0 0 0 0 0 0 0 0 0 5.48522e-162 1.25929e-156 8.50742e-164 2.70074e-236 7.81399e-213 6.1463e-199 7.40357e-218 2.50584e-202 7.65022e-153 1.25491e-183 2.08599e-201 8.62457e-168 3.62708e-196 1.86823e-251 5.6899e-242 3.25171e-174 3.71732e-200 1.41503e-303 1.23364e-216 7.77598e-98 3.44428e-156 1.01058e-171 4.5752e-231 9.48716e-131 1.24086e-206 2.98959e-320 1.01275e-110 4.43842e-251 1.54268e-172 9.559e-179 1.13574e-162 1.26638e-160 4.77303e-102 8.18504e-117 6.27217e-224 1.13353e-230 5.72983e-152 2.23171e-197 3.85478e-206 2.49367e-77 3.64433e-268 6.73995e-153 2.5493e-129 2.19876e-172 6.42321e-213 4.26085e-203 8.0781e-312 2.11441e-209 7.84006e-178 5.78407e-229 0 0 0 0 0 0 0 0 0 0 0 0 0 0 0 0 0 0 0 0 0 0 0 0 0 0 0 0 0 0 0 0 0 0 0 0 0 0 0 0 0 0 0 0 0 0 0 0 0 0 0 0 0 0 0 0 0 0 0 0 0 0 0 0 0 0 0 0 0 0 0 0 0 0 0 0 0 0 0 0 0 0 0 0 0 0 0 0 0 0 0 0 0 0 0 0 0 0 0 0 
2.69925e-47 2.23842e-33 3.67676e-27 6.7512e-08 7.26988e-67 1.49324e-24 5.69403e-14 6.98294e-09 0.0987962 8.43482e-17 2.37181e-44 0.264932 0 7.77121e-34 3.74742e-10 2.80978e-16 4.13931e-25 1.05197e-20 5.24431e-06 1.22919e-08 3.24462e-09 6.1636e-17 8.63633e-16 0.00159747 2.78119e-29 1.22291e-12 1.56601e-29 0.0847308 2.40022e-05 1.25767e-21 1.73702e-10 0.00302232 2.31384e-08 1.72888e-15 0.000984095 0.00296062 8.82601e-08 8.36368e-21 6.23794e-12 7.75769e-22 3.63111e-08 1.32274e-40 0.00021246 2.06531e-13 0.000124376 1.73528e-14 0.0327612 8.57927e-09 2.2512e-23 0.00141454 0 0 0 0 0 0 0 0 0 0 0 0 0 0 0 0 0 0 0 0 0 0 0 0 0 0 0 0 0 0 0 0 0 0 0 0 0 0 0 0 0 0 0 0 0 0 0 0 0 0 3.11843e-176 6.53125e-168 7.45611e-177 2.59043e-254 1.86049e-231 1.73254e-214 5.37414e-231 5.02961e-221 5.44791e-166 5.17964e-201 3.96056e-217 7.0699e-186 2.63231e-208 7.35521e-269 5.79901e-263 2.08113e-193 1.99044e-212 4.94066e-324 1.42051e-232 5.53334e-109 2.25974e-172 1.03457e-185 5.22041e-250 3.31253e-145 6.48242e-224 0 2.49024e-123 1.67511e-270 1.75724e-189 7.80841e-195 3.58841e-172 8.82362e-170 1.074e-111 1.38947e-131 2.83498e-244 2.14692e-245 2.69099e-167 1.74441e-218 3.31852e-226 1.55483e-88 3.92161e-289 1.22266e-165 1.72498e-142 2.13783e-188 1.32777e-230 6.4992e-220 0 5.21223e-231 2.29752e-193 9.01711e-247 0 0 0 0 0 0 0 0 0 0 0 0 0 0 0 0 0 0 0 0 0 0 0 0 0 0 0 0 0 0 0 0 0 0 0 0 0 0 0 0 0 0 0 0 0 0 0 0 0 0 0 0 0 0 0 0 0 0 0 0 0 0 0 0 0 0 0 0 0 0 0 0 0 0 0 0 0 0 0 0 0 0 0 0 0 0 0 0 0 0 0 0 0 0 0 0 0 0 0 0 
4.91378e-12 0.000958298 0.228963 9.76431e-15 5.71959e-20 1.96233e-10 6.70945e-38 3.34637e-10 4.42827e-25 8.92672e-15 0.171846 8.97223e-26 7.77121e-34 0 1.2451e-18 7.63295e-64 0.150386 3.6101e-07 4.99165e-14 9.80164e-15 1.88392e-10 1.69336e-23 5.10494e-28 4.30958e-36 0.0127237 7.90194e-21 2.26701e-73 2.28486e-23 4.49129e-62 2.80127e-41 1.84524e-64 5.64947e-45 1.78355e-15 0.000220304 2.80942e-27 1.17751e-18 2.27782e-32 8.88708e-102 1.54921e-06 3.81201e-11 8.5676e-38 3.11232e-40 3.86668e-55 6.06447e-06 1.01966e-23 9.37119e-34 1.72859e-21 1.1092e-43 1.98624e-08 9.3237e-20 0 0 0 0 0 0 0 0 0 0 0 0 0 0 0 0 0 0 0 0 0 0 0 0 0 0 0 0 0 0 0 0 0 0 0 0 0 0 0 0 0 0 0 0 0 0 0 0 0 0 5.18637e-114 3.31016e-130 5.93384e-125 5.57542e-166 1.62564e-135 2.09595e-144 1.03479e-182 2.90385e-123 2.59594e-112 3.23699e-113 8.82468e-146 1.87288e-89 1.09199e-166 4.31063e-187 3.59115e-148 6.63236e-87 5.11203e-170 8.10518e-219 1.2154e-160 1.72118e-66 2.50324e-92 1.3395e-126 5.51207e-153 1.16248e-77 2.1032e-139 1.38449e-222 1.03154e-69 5.21305e-171 1.92396e-104 3.65205e-118 1.50406e-149 8.97367e-150 2.10906e-82 3.78662e-59 1.52606e-133 7.4547e-185 1.71063e-94 9.27724e-96 6.53486e-116 1.31345e-42 3.11392e-177 2.03567e-115 3.47513e-86 9.72276e-112 4.10027e-143 3.5272e-139 1.46486e-207 3.38518e-105 1.73046e-121 1.17225e-159 0 0 0 0 0 0 0 0 0 0 0 0 0 0 0 0 0 0 0 0 0 0 0 0 0 0 0 0 0 0 0 0 0 0 0 0 0 0 0 0 0 0 0 0 0 0 0 0 0 0 0 0 0 0 0 0 0 0 0 0 0 0 0 0 0 0 0 0 0 0 0 0 0 0 0 0 0 0 0 0 0 0 0 0 0 0 0 0 0 0 0 0 0 0 0 0 0 0 0 0 
4.50998e-46 5.35642e-27 8.12245e-17 1.02627e-13 5.91668e-28 4.79158e-28 1.29386e-35 0.00270931 7.00548e-10 1.34191e-24 1.4487e-24 5.22532e-07 3.74742e-10 1.2451e-18 0 1.54323e-47 4.53493e-15 0.000173849 2.6719e-09 0.340922 9.09828e-11 5.14841e-31 1.48779e-32 4.15861e-20 5.17584e-22 0.579063 1.11243e-19 8.48109e-06 9.55151e-21 1.66653e-45 7.1102e-39 1.0225e-09 0.411272 2.50463e-08 2.65831e-16 7.37579e-08 2.88321e-25 1.07565e-40 1.75752e-07 0.00122026 3.12585e-28 2.97802e-62 1.88011e-25 5.87652e-10 0.0541693 3.25907e-34 2.25462e-07 2.29275e-31 7.08534e-05 2.37666e-10 0 0 0 0 0 0 0 0 0 0 0 0 0 0 0 0 0 0 0 0 0 0 0 0 0 0 0 0 0 0 0 0 0 0 0 0 0 0 0 0 0 0 0 0 0 0 0 0 0 0 1.10141e-104 6.21189e-101 4.03403e-106 4.59342e-166 8.96852e-148 1.08512e-134 4.84057e-151 8.81878e-140 2.66666e-97 1.00997e-123 9.77875e-137 1.8407e-113 2.57815e-133 2.06723e-178 5.30496e-174 3.31569e-121 1.35958e-136 3.18249e-223 2.83424e-149 9.09218e-55 1.36443e-101 1.86993e-112 1.60571e-162 6.79207e-81 1.27583e-141 1.46465e-238 8.77783e-65 4.48543e-179 9.09943e-115 1.00889e-118 2.6025e-107 6.16205e-106 3.76951e-58 1.18779e-71 4.66506e-159 3.54215e-161 1.71151e-97 3.96591e-144 2.09862e-145 1.6969e-40 1.69734e-194 2.22762e-97 6.1367e-79 1.05505e-113 6.21193e-147 1.6766e-138 1.34813e-232 1.26175e-153 1.08635e-117 5.74934e-160 0 0 0 0 0 0 0 0 0 0 0 0 0 0 0 0 0 0 0 0 0 0 0 0 0 0 0 0 0 0 0 0 0 0 0 0 0 0 0 0 0 0 0 0 0 0 0 0 0 0 0 0 0 0 0 0 0 0 0 0 0 0 0 0 0 0 0 0 0 0 0 0 0 0 0 0 0 0 0 0 0 0 0 0 0 0 0 0 0 0 0 0 0 0 0 0 0 0 0 0 
1.13801e-52 7.8053e-50 6.1372e-52 1.02173e-18 1.97378e-131 1.17446e-30 5.5744e-05 8.60297e-37 2.03982e-15 1.35808e-20 4.14909e-78 1.32883e-19 2.80978e-16 7.63295e-64 1.54323e-47 0 2.71166e-50 1.5932e-60 1.32688e-21 1.13783e-41 5.79495e-25 1.29447e-13 2.99733e-10 1.07532e-06 1.76104e-48 1.00499e-53 2.95814e-82 8.5384e-22 1.62596e-20 4.48928e-07 0.0183967 2.22469e-27 1.73587e-41 6.22739e-41 5.38803e-10 1.12268e-19 4.01298e-06 2.2755e-38 3.93803e-35 3.42321e-66 0.000327222 1.45751e-21 1.70992e-07 4.60165e-34 7.09189e-35 7.96112e-07 2.75657e-19 0.00938879 1.75407e-66 1.24085e-16 0 0 0 0 0 0 0 0 0 0 0 0 0 0 0 0 0 0 0 0 0 0 0 0 0 0 0 0 0 0 0 0 0 0 0 0 0 0 0 0 0 0 0 0 0 0 0 0 0 0 6.88211e-290 6.10145e-284 2.15848e-293 0 0 0 0 0 2.52767e-278 7.55914e-314 0 7.2009e-287 0 0 0 7.16416e-290 0 0 0 2.32147e-201 2.33295e-277 1.48338e-303 0 2.25495e-244 0 0 1.82658e-218 0 4.4041e-299 2.88113e-310 7.71468e-291 8.37901e-288 2.16837e-208 2.72374e-221 0 0 1.28964e-273 6.68997e-312 0 5.30614e-169 0 1.13203e-278 5.18893e-245 1.99504e-301 0 0 0 0 4.88008e-310 0 0 0 0 0 0 0 0 0 0 0 0 0 0 0 0 0 0 0 0 0 0 0 0 0 0 0 0 0 0 0 0 0 0 0 0 0 0 0 0 0 0 0 0 0 0 0 0 0 0 0 0 0 0 0 0 0 0 0 0 0 0 0 0 0 0 0 0 0 0 0 0 0 0 0 0 0 0 0 0 0 0 0 0 0 0 0 0 0 0 0 0 0 0 0 0 0 0 0 0 0 
1.04485e-10 0.00820443 0.887195 8.98939e-09 7.14539e-26 1.39722e-06 6.78148e-28 1.36648e-06 2.27445e-17 3.27313e-09 0.000703707 2.23345e-18 4.13931e-25 0.150386 4.53493e-15 2.71166e-50 0 1.50235e-06 2.18385e-08 4.86324e-11 1.1693e-05 3.5065e-16 8.66008e-20 3.22071e-26 0.135948 1.15067e-17 5.70003e-67 1.70734e-16 2.07387e-50 2.96474e-31 7.34114e-51 4.96252e-36 1.155e-11 0.0467647 8.14685e-19 3.44618e-12 5.30088e-23 2.26906e-87 0.00274279 1.27379e-10 1.3921e-27 3.15295e-32 5.0117e-43 0.0106183 3.73712e-18 1.87811e-24 1.30656e-14 1.27719e-32 2.64092e-08 7.27101e-13 0 0 0 0 0 0 0 0 0 0 0 0 0 0 0 0 0 0 0 0 0 0 0 0 0 0 0 0 0 0 0 0 0 0 0 0 0 0 0 0 0 0 0 0 0 0 0 0 0 0 1.31098e-126 5.01989e-140 1.44856e-136 1.66055e-183 6.59019e-153 5.05914e-159 1.46235e-195 2.12377e-140 9.90391e-124 7.12039e-129 1.33387e-160 5.20398e-105 3.65814e-178 1.91659e-204 5.41112e-168 2.96137e-103 1.06678e-181 7.50179e-240 5.39601e-176 1.4032e-74 2.8989e-106 3.1696e-139 4.23423e-171 1.71599e-89 1.26639e-155 2.37704e-245 1.9424e-79 5.54017e-190 1.91496e-119 1.0391e-132 8.94881e-158 1.29376e-157 2.71134e-89 1.18591e-70 2.08539e-152 2.01596e-199 1.13623e-107 8.38838e-114 5.26944e-134 5.9631e-50 9.21912e-198 1.76244e-126 5.77761e-97 4.77471e-126 8.28586e-160 6.09242e-155 1.22941e-230 5.34458e-124 1.44336e-135 7.65077e-177 0 0 0 0 0 0 0 0 0 0 0 0 0 0 0 0 0 0 0 0 0 0 0 0 0 0 0 0 0 0 0 0 0 0 0 0 0 0 0 0 0 0 0 0 0 0 0 0 0 0 0 0 0 0 0 0 0 0 0 0 0 0 0 0 0 0 0 0 0 0 0 0 0 0 0 0 0 0 0 0 0 0 0 0 0 0 0 0 0 0 0 0 0 0 0 0 0 0 0 0 
9.15383e-32 1.31945e-15 1.77185e-07 1.20474e-14 1.38158e-14 3.20638e-21 7.32721e-41 0.000976679 7.54882e-17 8.03074e-22 5.33661e-10 9.23168e-15 1.05197e-20 3.6101e-07 0.000173849 1.5932e-60 1.50235e-06 0 4.74629e-11 0.000949491 3.77659e-10 1.20005e-30 5.48614e-34 2.02968e-29 6.76269e-12 6.17035e-05 3.75239e-37 1.12148e-12 1.48413e-39 8.86659e-49 9.50851e-55 5.06719e-24 0.000495543 0.000335413 1.04289e-22 2.86819e-12 2.28656e-31 3.2377e-68 3.61439e-05 0.290543 6.61752e-36 4.0605e-58 3.90676e-41 1.06149e-06 7.19352e-09 6.15561e-38 3.36198e-13 1.03854e-40 0.669917 9.49034e-15 0 0 0 0 0 0 0 0 0 0 0 0 0 0 0 0 0 0 0 0 0 0 0 0 0 0 0 0 0 0 0 0 0 0 0 0 0 0 0 0 0 0 0 0 0 0 0 0 0 0 4.19914e-90 3.70393e-95 2.09094e-95 8.26157e-144 6.35049e-122 2.90392e-118 4.72712e-143 7.07327e-113 1.32174e-85 4.2769e-100 6.61276e-120 8.40904e-86 3.48871e-127 5.23488e-159 1.23389e-141 1.26623e-89 2.81105e-130 3.10273e-196 1.22781e-132 2.64026e-45 5.09786e-80 2.55056e-99 8.41845e-137 3.24645e-63 5.53934e-120 2.39516e-206 1.19315e-51 5.71391e-153 7.81452e-92 3.20215e-99 4.71509e-107 1.53029e-106 1.09692e-53 1.87565e-51 1.01732e-127 4.52957e-149 1.41658e-78 1.35642e-106 1.34342e-113 8.10058e-29 4.5931e-164 5.89442e-87 1.72749e-65 5.30294e-94 2.41238e-124 3.39889e-118 2.61973e-197 2.45705e-115 5.62519e-100 5.65058e-138 0 0 0 0 0 0 0 0 0 0 0 0 0 0 0 0 0 0 0 0 0 0 0 0 0 0 0 0 0 0 0 0 0 0 0 0 0 0 0 0 0 0 0 0 0 0 0 0 0 0 0 0 0 0 0 0 0 0 0 0 0 0 0 0 0 0 0 0 0 0 0 0 0 0 0 0 0 0 0 0 0 0 0 0 0 0 0 0 0 0 0 0 0 0 0 0 0 0 0 0 
8.56068e-22 2.11831e-12 2.03183e-09 0.343501 5.76559e-48 4.23502e-08 1.29647e-10 0.00358821 0.0154663 5.40543e-05 3.6475e-21 0.00177157 5.24431e-06 4.99165e-14 2.6719e-09 1.32688e-21 2.18385e-08 4.74629e-11 0 6.18379e-06 0.417549 2.30346e-07 3.56776e-08 3.6043e-06 4.32346e-10 2.20337e-12 1.47731e-46 0.00442226 1.67464e-20 2.18547e-15 5.64445e-20 7.96295e-14 4.17571e-06 0.000459554 0.00353132 0.303929 3.98153e-06 1.21829e-46 0.0177832 2.91326e-14 3.45062e-08 4.6767e-25 1.09755e-14 0.0137512 7.35823e-07 2.00495e-09 0.0583718 1.25854e-10 9.15538e-14 0.306893 0 0 0 0 0 0 0 0 0 0 0 0 0 0 0 0 0 0 0 0 0 0 0 0 0 0 0 0 0 0 0 0 0 0 0 0 0 0 0 0 0 0 0 0 0 0 0 0 0 0 2.03625e-160 6.92037e-163 6.01792e-166 6.5279e-231 9.87593e-203 1.88271e-197 6.02152e-225 1.39487e-190 1.61858e-153 2.90549e-174 1.18011e-199 3.42636e-153 5.80456e-204 1.77294e-249 1.59298e-226 1.35111e-155 5.76981e-208 2.12049e-296 9.1227e-216 2.41093e-97 2.30656e-147 5.08327e-172 5.36702e-222 2.47844e-124 1.82545e-200 1.57302e-308 1.53528e-107 1.49449e-242 2.89178e-163 2.81477e-173 5.16597e-174 1.34146e-172 1.86236e-106 8.23239e-107 1.23138e-208 1.3252e-234 1.34589e-145 3.02433e-173 2.49449e-189 3.91175e-73 5.1117e-256 9.28754e-155 5.28465e-127 2.23233e-166 4.09943e-206 4.56365e-198 1.4243e-296 3.20104e-185 4.54859e-174 1.66597e-223 0 0 0 0 0 0 0 0 0 0 0 0 0 0 0 0 0 0 0 0 0 0 0 0 0 0 0 0 0 0 0 0 0 0 0 0 0 0 0 0 0 0 0 0 0 0 0 0 0 0 0 0 0 0 0 0 0 0 0 0 0 0 0 0 0 0 0 0 0 0 0 0 0 0 0 0 0 0 0 0 0 0 0 0 0 0 0 0 0 0 0 0 0 0 0 0 0 0 0 0 
1.00729e-37 5.36482e-21 1.50024e-12 1.97602e-09 4.61788e-29 2.17724e-21 3.8467e-29 0.14029 2.56401e-07 1.96365e-18 1.33368e-20 2.47873e-05 1.22919e-08 9.80164e-15 0.340922 1.13783e-41 4.86324e-11 0.000949491 6.18379e-06 0 6.29701e-07 3.03371e-24 8.13052e-26 2.15128e-16 1.03999e-16 0.0469698 1.94363e-25 0.000333762 6.52902e-21 9.57096e-38 8.57889e-35 2.46536e-10 0.978306 2.89843e-05 1.85179e-12 3.48762e-05 4.03683e-20 4.51454e-43 0.000189178 0.000664837 4.66301e-23 3.14326e-52 4.53764e-23 2.50358e-06 0.0532422 1.25755e-27 4.23553e-05 3.22146e-26 0.000131456 3.79617e-07 0 0 0 0 0 0 0 0 0 0 0 0 0 0 0 0 0 0 0 0 0 0 0 0 0 0 0 0 0 0 0 0 0 0 0 0 0 0 0 0 0 0 0 0 0 0 0 0 0 0 3.24675e-113 1.08359e-111 6.44427e-116 1.00383e-175 5.68798e-155 1.62722e-144 4.27106e-164 5.43879e-146 3.11793e-106 3.23088e-130 1.49519e-146 2.97097e-117 7.12154e-146 1.10882e-189 5.21925e-180 1.83591e-123 2.7582e-149 3.74378e-234 7.27019e-160 4.75845e-61 2.72052e-107 6.04493e-122 1.09565e-170 1.66384e-86 4.46494e-150 2.85772e-248 1.01097e-70 4.78897e-188 6.66682e-121 1.70939e-126 1.20534e-119 2.36804e-118 3.6788e-66 2.98249e-75 1.50407e-164 1.0545e-173 5.81879e-104 1.1835e-144 1.18454e-149 1.89955e-44 1.31962e-202 1.0913e-106 5.76055e-86 4.67989e-121 2.31706e-155 3.00683e-147 1.0125e-240 1.35057e-154 4.94503e-126 2.2316e-169 0 0 0 0 0 0 0 0 0 0 0 0 0 0 0 0 0 0 0 0 0 0 0 0 0 0 0 0 0 0 0 0 0 0 0 0 0 0 0 0 0 0 0 0 0 0 0 0 0 0 0 0 0 0 0 0 0 0 0 0 0 0 0 0 0 0 0 0 0 0 0 0 0 0 0 0 0 0 0 0 0 0 0 0 0 0 0 0 0 0 0 0 0 0 0 0 0 0 0 0 
8.40229e-17 1.42952e-08 2.03258e-06 0.329113 1.77343e-44 1.57776e-05 1.28353e-11 0.00221803 0.000148352 0.00111969 1.15027e-16 7.65677e-06 3.24462e-09 1.88392e-10 9.09828e-11 5.79495e-25 1.1693e-05 3.77659e-10 0.417549 6.29701e-07 0 1.1177e-06 5.06188e-08 9.96498e-09 9.98305e-07 5.39181e-14 9.56835e-53 3.37268e-05 2.33376e-26 1.2093e-15 2.04392e-24 2.04838e-18 3.23404e-07 0.00939769 7.26176e-05 0.01704 1.48681e-07 2.39611e-55 0.105448 6.73414e-14 4.4745e-10 7.69943e-23 2.72287e-19 0.184734 3.48031e-09 5.76154e-10 0.00111225 5.22564e-13 7.32904e-13 0.0203097 0 0 0 0 0 0 0 0 0 0 0 0 0 0 0 0 0 0 0 0 0 0 0 0 0 0 0 0 0 0 0 0 0 0 0 0 0 0 0 0 0 0 0 0 0 0 0 0 0 0 1.54887e-157 6.94242e-163 2.28427e-164 6.40928e-226 2.31198e-196 3.39788e-194 1.36284e-224 8.95976e-184 1.54573e-151 1.86119e-168 2.80467e-196 7.56393e-146 4.32652e-204 1.55904e-245 4.39835e-218 6.72655e-147 4.68049e-208 3.51929e-290 1.50847e-212 1.12104e-95 4.65926e-142 1.08941e-169 8.61086e-216 3.67993e-120 1.69113e-195 1.2946e-300 9.50335e-105 2.44715e-236 1.29004e-157 7.52936e-169 7.70541e-176 1.08842e-174 1.74706e-106 1.22825e-101 1.97682e-200 5.7121e-233 3.57829e-141 1.42423e-162 7.97134e-181 1.63759e-70 2.03094e-248 3.3456e-153 2.92666e-124 7.74581e-162 7.29567e-201 1.57373e-193 1.51159e-287 2.20123e-174 3.05665e-170 1.47529e-218 0 0 0 0 0 0 0 0 0 0 0 0 0 0 0 0 0 0 0 0 0 0 0 0 0 0 0 0 0 0 0 0 0 0 0 0 0 0 0 0 0 0 0 0 0 0 0 0 0 0 0 0 0 0 0 0 0 0 0 0 0 0 0 0 0 0 0 0 0 0 0 0 0 0 0 0 0 0 0 0 0 0 0 0 0 0 0 0 0 0 0 0 0 0 0 0 0 0 0 0 
6.17079e-14 3.84461e-13 1.50716e-16 0.0002456 7.54831e-79 0.000218412 0.00456472 3.94943e-17 1.68403e-10 0.0895282 1.55561e-31 8.23109e-15 6.1636e-17 1.69336e-23 5.14841e-31 1.29447e-13 3.5065e-16 1.20005e-30 2.30346e-07 3.03371e-24 1.1177e-06 0 0.549887 1.74537e-08 3.1323e-13 1.35131e-36 6.33379e-85 4.4108e-15 3.06806e-35 0.00283046 2.85473e-18 3.78769e-32 1.18506e-24 3.48916e-14 4.58524e-06 1.0141e-09 0.000966255 3.31734e-67 4.9073e-12 1.7984e-37 4.32344e-05 2.10661e-06 4.44013e-20 4.89963e-10 1.73574e-25 0.0545837 1.48325e-11 5.32021e-07 2.20648e-35 1.55468e-07 0 0 0 0 0 0 0 0 0 0 0 0 0 0 0 0 0 0 0 0 0 0 0 0 0 0 0 0 0 0 0 0 0 0 0 0 0 0 0 0 0 0 0 0 0 0 0 0 0 0 1.8805e-222 8.84706e-231 9.60161e-232 1.53814e-300 1.51439e-263 1.54616e-265 3.55314e-303 1.03082e-247 4.1007e-216 2.51697e-231 7.37978e-268 1.29518e-200 1.9557e-279 0 6.76045e-285 3.65582e-198 4.61739e-284 0 4.21094e-287 3.94299e-148 2.33533e-200 1.79218e-237 9.16072e-287 1.78351e-175 7.05634e-265 0 2.62324e-158 8.49749e-311 1.41448e-218 4.80695e-234 2.53864e-246 6.49317e-245 1.72474e-162 1.33971e-150 1.74092e-264 3.23166e-312 9.30378e-201 6.39831e-211 3.23112e-240 3.95035e-115 2.42092e-322 1.9683e-218 2.15565e-182 1.71101e-225 8.95702e-271 3.57041e-263 0 5.03672e-225 1.62483e-236 5.3121e-292 0 0 0 0 0 0 0 0 0 0 0 0 0 0 0 0 0 0 0 0 0 0 0 0 0 0 0 0 0 0 0 0 0 0 0 0 0 0 0 0 0 0 0 0 0 0 0 0 0 0 0 0 0 0 0 0 0 0 0 0 0 0 0 0 0 0 0 0 0 0 0 0 0 0 0 0 0 0 0 0 0 0 0 0 0 0 0 0 0 0 0 0 0 0 0 0 0 0 0 0 
9.25968e-18 6.46704e-17 2.57625e-20 4.52717e-05 1.17454e-85 1.37184e-06 0.0895263 6.79457e-19 4.76169e-10 0.00593583 6.02245e-37 1.96023e-14 8.63633e-16 5.10494e-28 1.48779e-32 2.99733e-10 8.66008e-20 5.48614e-34 3.56776e-08 8.13052e-26 5.06188e-08 0.549887 0 6.03639e-07 7.19495e-17 2.74947e-38 3.01648e-84 5.44191e-15 3.06997e-32 0.0404 1.13588e-14 1.2452e-30 3.78225e-26 7.8842e-17 2.44682e-05 5.52252e-10 0.0117932 2.11936e-62 3.70317e-14 9.49234e-41 0.00156904 1.18965e-06 4.02627e-17 3.1319e-12 5.99202e-26 0.416625 1.53617e-11 5.87292e-05 6.00431e-39 1.27822e-07 0 0 0 0 0 0 0 0 0 0 0 0 0 0 0 0 0 0 0 0 0 0 0 0 0 0 0 0 0 0 0 0 0 0 0 0 0 0 0 0 0 0 0 0 0 0 0 0 0 0 3.54089e-232 1.11853e-238 9.12373e-241 6.46478e-313 3.92158e-276 2.97774e-276 1.61478e-312 2.86013e-260 3.97915e-225 5.14868e-243 1.08877e-278 1.46763e-212 4.64956e-288 0 5.41044e-299 9.78973e-211 8.71006e-293 0 3.8275e-298 1.42816e-155 3.61977e-211 4.20228e-247 1.20154e-299 4.16683e-185 1.17333e-276 0 1.03319e-166 4.94066e-324 6.1623e-230 5.86765e-245 3.88236e-253 1.67248e-251 4.70611e-169 2.79584e-160 4.21472e-278 1.38338e-322 4.74716e-211 1.19326e-224 1.52832e-253 2.0233e-122 0 3.35584e-227 2.88583e-191 2.54178e-236 7.98188e-283 1.16316e-274 0 3.95033e-239 4.23998e-247 3.2524e-304 0 0 0 0 0 0 0 0 0 0 0 0 0 0 0 0 0 0 0 0 0 0 0 0 0 0 0 0 0 0 0 0 0 0 0 0 0 0 0 0 0 0 0 0 0 0 0 0 0 0 0 0 0 0 0 0 0 0 0 0 0 0 0 0 0 0 0 0 0 0 0 0 0 0 0 0 0 0 0 0 0 0 0 0 0 0 0 0 0 0 0 0 0 0 0 0 0 0 0 0 
2.61934e-38 6.10215e-30 7.48985e-28 8.46577e-06 4.07154e-83 3.96672e-18 8.03631e-05 7.65839e-14 0.0116232 1.27196e-10 2.97764e-47 0.000204874 0.00159747 4.30958e-36 4.15861e-20 1.07532e-06 3.22071e-26 2.02968e-29 3.6043e-06 2.15128e-16 9.96498e-09 1.74537e-08 6.03639e-07 0 2.18648e-27 3.22551e-24 4.3651e-50 2.31428e-05 1.80307e-10 1.54457e-09 6.01273e-05 8.59658e-11 2.87903e-16 4.95462e-18 0.230475 0.000144309 0.0557644 1.45098e-29 4.48296e-14 7.01492e-33 0.071582 2.1712e-24 0.00172283 3.3891e-14 1.62662e-12 1.93962e-05 0.000316734 0.0401541 2.07191e-33 0.00182134 0 0 0 0 0 0 0 0 0 0 0 0 0 0 0 0 0 0 0 0 0 0 0 0 0 0 0 0 0 0 0 0 0 0 0 0 0 0 0 0 0 0 0 0 0 0 0 0 0 0 8.14481e-213 3.7762e-208 8.10642e-216 5.45281e-296 1.86812e-267 4.74579e-255 5.16164e-278 1.21521e-254 6.93309e-203 1.59837e-234 8.9269e-258 3.53093e-213 1.71666e-253 4.08419e-314 1.71945e-297 1.28362e-217 5.04492e-258 0 2.93257e-275 3.87831e-138 3.4175e-203 1.69949e-224 1.3949e-288 9.54498e-175 3.51826e-262 0 1.53347e-152 2.38044e-311 7.74806e-222 1.10537e-230 3.48091e-215 8.79607e-213 3.54368e-144 2.23826e-156 3.87589e-277 4.35585e-292 1.76719e-199 1.28972e-239 7.63636e-256 5.33063e-112 0 3.26075e-203 1.01633e-174 3.58278e-223 4.76865e-269 1.31831e-258 0 1.5278e-253 2.82298e-230 1.04906e-287 0 0 0 0 0 0 0 0 0 0 0 0 0 0 0 0 0 0 0 0 0 0 0 0 0 0 0 0 0 0 0 0 0 0 0 0 0 0 0 0 0 0 0 0 0 0 0 0 0 0 0 0 0 0 0 0 0 0 0 0 0 0 0 0 0 0 0 0 0 0 0 0 0 0 0 0 0 0 0 0 0 0 0 0 0 0 0 0 0 0 0 0 0 0 0 0 0 0 0 0 
1.07425e-05 0.534304 0.250654 3.20535e-09 8.05656e-34 0.000782489 2.61014e-25 1.44427e-10 3.92647e-20 4.15451e-07 6.99742e-05 2.37237e-22 2.78119e-29 0.0127237 5.17584e-22 1.76104e-48 0.135948 6.76269e-12 4.32346e-10 1.03999e-16 9.98305e-07 3.1323e-13 7.19495e-17 2.18648e-27 0 1.8404e-25 4.58288e-81 1.38287e-20 7.94919e-57 6.39655e-27 1.78101e-51 4.21905e-43 1.86471e-17 0.000323659 7.91406e-20 8.09065e-15 3.13619e-22 9.36025e-97 1.77306e-05 2.48931e-17 9.2295e-27 7.62826e-25 5.67454e-46 0.000445475 1.9216e-24 1.00693e-21 8.86349e-18 8.02642e-32 2.69492e-14 9.05834e-15 0 0 0 0 0 0 0 0 0 0 0 0 0 0 0 0 0 0 0 0 0 0 0 0 0 0 0 0 0 0 0 0 0 0 0 0 0 0 0 0 0 0 0 0 0 0 0 0 0 0 9.60437e-145 3.76865e-161 2.08222e-156 3.01064e-203 2.67582e-169 6.04696e-179 7.51288e-220 1.91593e-155 2.14516e-142 2.76206e-144 1.62615e-180 9.57879e-117 9.27756e-202 2.2617e-226 8.43488e-183 6.4953e-113 1.76634e-205 2.28223e-261 5.7077e-197 1.36232e-89 1.43189e-120 1.14913e-158 8.10334e-189 1.20151e-103 1.04033e-173 3.11103e-265 5.22303e-94 8.27852e-209 2.34167e-134 7.69803e-150 5.09763e-181 5.79065e-181 1.2195e-106 4.54626e-82 1.68443e-166 5.11467e-223 5.19347e-123 3.93402e-121 2.13913e-146 8.73629e-62 1.94653e-215 1.18357e-145 4.96582e-113 1.31916e-142 7.30867e-178 2.04726e-173 2.27814e-248 6.06582e-132 1.81847e-153 3.063e-196 0 0 0 0 0 0 0 0 0 0 0 0 0 0 0 0 0 0 0 0 0 0 0 0 0 0 0 0 0 0 0 0 0 0 0 0 0 0 0 0 0 0 0 0 0 0 0 0 0 0 0 0 0 0 0 0 0 0 0 0 0 0 0 0 0 0 0 0 0 0 0 0 0 0 0 0 0 0 0 0 0 0 0 0 0 0 0 0 0 0 0 0 0 0 0 0 0 0 0 0 
1.58261e-51 7.10661e-31 1.61243e-19 1.89441e-17 5.50019e-26 6.74511e-33 1.62537e-41 6.16968e-05 7.61217e-13 1.84633e-29 1.64797e-26 2.4081e-09 1.22291e-12 7.90194e-21 0.579063 1.00499e-53 1.15067e-17 6.17035e-05 2.20337e-12 0.0469698 5.39181e-14 1.35131e-36 2.74947e-38 3.22551e-24 1.8404e-25 0 4.52328e-17 5.53465e-08 1.02796e-22 3.12059e-52 6.29743e-44 7.03705e-11 0.061599 1.36914e-10 3.15729e-20 1.17164e-10 3.38142e-30 9.08811e-42 6.72879e-10 0.00197345 2.43462e-33 4.79252e-70 3.89685e-29 9.34899e-13 0.00664094 4.71019e-40 5.39996e-10 1.27965e-36 6.231e-05 1.43852e-13 0 0 0 0 0 0 0 0 0 0 0 0 0 0 0 0 0 0 0 0 0 0 0 0 0 0 0 0 0 0 0 0 0 0 0 0 0 0 0 0 0 0 0 0 0 0 0 0 0 0 1.07176e-96 4.78407e-92 1.64869e-97 2.03485e-156 9.95118e-140 1.71639e-125 4.12737e-140 2.04095e-132 2.80172e-89 1.86495e-116 1.66951e-127 6.06123e-108 5.80868e-123 9.09907e-168 2.94431e-166 1.6083e-116 4.08274e-126 4.23341e-212 1.91336e-139 4.4882e-49 3.68289e-95 7.57972e-104 1.01729e-153 6.40533e-75 5.41636e-133 6.88246e-228 5.34693e-59 1.35531e-169 7.42485e-108 7.51181e-111 1.01853e-97 2.29742e-96 1.40929e-51 5.01967e-67 7.97301e-152 2.93838e-150 1.02864e-90 3.14415e-140 4.10132e-139 1.95216e-36 2.84011e-185 3.49552e-89 2.94691e-72 3.82606e-106 3.11452e-138 8.93889e-130 7.01902e-223 2.68453e-149 1.52926e-109 1.5196e-150 0 0 0 0 0 0 0 0 0 0 0 0 0 0 0 0 0 0 0 0 0 0 0 0 0 0 0 0 0 0 0 0 0 0 0 0 0 0 0 0 0 0 0 0 0 0 0 0 0 0 0 0 0 0 0 0 0 0 0 0 0 0 0 0 0 0 0 0 0 0 0 0 0 0 0 0 0 0 0 0 0 0 0 0 0 0 0 0 0 0 0 0 0 0 0 0 0 0 0 0 
