Laplacian matrix: 
0 0.0417298 2.83357e-08 1.88133e-16 2.16011e-55 0.0128277 8.48601e-26 7.80271e-26 2.43755e-33 7.9519e-08 4.13221e-12 1.9266e-38 1.08443e-45 1.84121e-10 1.07766e-44 1.90971e-50 2.64023e-09 2.62682e-30 1.97473e-20 2.27011e-36 2.26865e-15 2.07325e-12 2.46911e-16 1.14447e-36 0.000312886 5.3418e-50 1.14335e-113 7.06529e-37 5.15484e-78 6.33127e-23 2.68661e-59 1.25066e-65 1.96026e-37 3.50023e-15 1.18561e-28 1.3842e-27 5.48893e-27 8.67329e-124 1.08954e-16 5.43161e-39 1.44653e-31 2.54828e-11 5.01244e-59 2.59055e-13 2.15598e-45 7.95977e-22 6.28229e-32 1.15894e-36 2.93893e-34 8.37278e-26 0 0 0 0 0 0 0 0 0 0 0 0 0 0 0 0 0 0 0 0 0 0 0 0 0 0 0 0 0 0 0 0 0 0 0 0 0 0 0 0 0 0 0 0 0 0 0 0 0 0 2.39474e-192 1.20603e-215 2.48928e-208 3.45876e-254 4.37519e-212 1.03983e-230 3.8676e-282 5.89025e-195 1.56114e-191 5.27863e-185 3.03741e-232 6.79538e-148 1.12672e-262 4.96255e-282 2.35625e-221 6.34862e-139 7.73129e-267 3.64299e-315 4.72807e-251 8.87588e-130 9.13582e-159 1.80895e-209 9.42233e-235 1.79943e-141 6.21486e-221 3.46261e-315 4.16757e-133 3.4319e-257 5.58623e-174 6.43016e-195 2.04138e-241 1.17056e-241 6.52054e-152 1.43981e-112 1.62455e-203 5.56077e-283 9.13785e-164 5.80679e-142 4.2853e-179 1.91281e-93 1.84226e-260 4.75739e-196 1.60492e-155 2.60765e-186 6.06006e-225 1.33616e-221 4.3271e-293 3.63407e-154 2.14649e-200 1.88756e-246 0 0 0 0 0 0 0 0 0 0 0 0 0 0 0 0 0 0 0 0 0 0 0 0 0 0 0 0 0 0 0 0 0 0 0 0 0 0 0 0 0 0 0 0 0 0 0 0 0 0 0 0 0 0 0 0 0 0 0 0 0 0 0 0 0 0 0 0 0 0 0 0 0 0 0 0 0 0 0 0 0 0 0 0 0 0 0 0 0 0 0 0 0 0 0 0 0 0 0 0 
0.0417298 0 0.0272601 1.05055e-10 1.0536e-35 0.00956299 1.10791e-25 1.47028e-13 2.43783e-23 8.82883e-07 2.90602e-05 3.3181e-26 4.22458e-33 0.00168682 6.0126e-27 6.15307e-49 0.00973913 1.7787e-15 2.29546e-12 5.67975e-21 1.81319e-08 6.06802e-13 8.1009e-17 1.2525e-29 0.731057 1.12683e-30 9.29392e-83 2.02867e-24 2.59083e-61 4.92449e-26 2.59314e-53 1.07081e-47 8.21575e-22 3.03333e-06 6.90578e-22 8.0639e-18 1.60397e-23 1.22366e-101 1.05e-07 1.19926e-21 3.36525e-28 4.91569e-20 9.93393e-49 7.93384e-06 7.1798e-29 5.72485e-22 3.58063e-21 2.92235e-33 3.10543e-18 2.2264e-17 0 0 0 0 0 0 0 0 0 0 0 0 0 0 0 0 0 0 0 0 0 0 0 0 0 0 0 0 0 0 0 0 0 0 0 0 0 0 0 0 0 0 0 0 0 0 0 0 0 0 8.25009e-154 1.27564e-171 1.18212e-166 1.21445e-212 1.01621e-176 7.39886e-189 2.99358e-232 4.46873e-162 4.96237e-152 1.84009e-151 2.09293e-190 3.92633e-121 4.45708e-214 1.86992e-236 6.90454e-189 5.53453e-116 6.74339e-218 2.58944e-270 2.99048e-207 4.84868e-97 2.81456e-127 1.59391e-168 6.21492e-197 2.78502e-110 1.87279e-182 2.4799e-273 3.6021e-101 2.54163e-217 2.31097e-141 3.23869e-158 1.69416e-193 1.50314e-193 7.00124e-115 1.97211e-86 2.24475e-172 2.34818e-234 2.23237e-130 2.64869e-123 4.24587e-151 1.41297e-66 1.0673e-222 1.3008e-155 8.11985e-121 1.15352e-150 1.61791e-186 2.07311e-182 3.3673e-255 2.30597e-134 2.80822e-162 1.52668e-205 0 0 0 0 0 0 0 0 0 0 0 0 0 0 0 0 0 0 0 0 0 0 0 0 0 0 0 0 0 0 0 0 0 0 0 0 0 0 0 0 0 0 0 0 0 0 0 0 0 0 0 0 0 0 0 0 0 0 0 0 0 0 0 0 0 0 0 0 0 0 0 0 0 0 0 0 0 0 0 0 0 0 0 0 0 0 0 0 0 0 0 0 0 0 0 0 0 0 0 0 
2.83357e-08 0.0272601 0 1.22706e-09 5.54514e-24 6.15111e-06 6.80831e-29 1.31814e-07 3.39586e-19 3.65546e-09 0.00408747 2.09985e-20 4.41732e-27 0.256558 5.80398e-17 3.07981e-51 0.670413 1.52051e-07 1.40158e-09 1.01108e-12 1.64116e-06 1.51427e-16 2.05432e-20 9.78631e-28 0.218318 1.62752e-19 3.61209e-63 1.94511e-18 2.32176e-52 1.2724e-31 2.56598e-52 9.4886e-38 2.12035e-13 0.0104138 3.76661e-20 8.27686e-14 3.03432e-24 9.21959e-89 0.00036395 7.33334e-12 5.05394e-29 1.09623e-29 1.64973e-44 0.00216825 7.48562e-20 2.38943e-25 1.91245e-16 4.3711e-34 2.08474e-09 2.27823e-14 0 0 0 0 0 0 0 0 0 0 0 0 0 0 0 0 0 0 0 0 0 0 0 0 0 0 0 0 0 0 0 0 0 0 0 0 0 0 0 0 0 0 0 0 0 0 0 0 0 0 5.48694e-128 7.59958e-142 1.50063e-138 1.91765e-184 4.45622e-153 1.58266e-160 4.66972e-198 2.83547e-140 1.55349e-125 3.21586e-129 4.43891e-162 6.89147e-104 7.01891e-181 2.71484e-205 2.65562e-167 1.578e-101 1.93067e-184 1.44765e-239 1.84235e-177 1.23087e-75 1.32846e-106 6.30934e-141 1.84502e-171 6.76706e-90 1.47835e-156 9.78177e-245 2.65608e-80 2.60506e-190 8.00139e-120 1.10795e-133 6.62857e-161 7.88272e-161 2.36465e-90 8.86376e-70 8.47355e-152 4.88581e-201 2.49595e-108 6.01263e-112 7.30427e-133 1.6116e-49 3.44723e-197 1.93544e-128 7.07864e-98 6.46148e-127 1.21019e-160 5.28902e-156 1.63421e-229 3.85184e-122 1.02209e-136 7.96927e-178 0 0 0 0 0 0 0 0 0 0 0 0 0 0 0 0 0 0 0 0 0 0 0 0 0 0 0 0 0 0 0 0 0 0 0 0 0 0 0 0 0 0 0 0 0 0 0 0 0 0 0 0 0 0 0 0 0 0 0 0 0 0 0 0 0 0 0 0 0 0 0 0 0 0 0 0 0 0 0 0 0 0 0 0 0 0 0 0 0 0 0 0 0 0 0 0 0 0 0 0 
1.88133e-16 1.05055e-10 1.22706e-09 0 9.5603e-52 5.28765e-05 1.50568e-07 3.2138e-05 0.0011922 0.0238205 1.42693e-21 1.70711e-05 1.056e-07 1.42446e-14 9.54751e-14 6.67541e-18 8.84387e-09 1.34599e-14 0.308496 1.73382e-09 0.34597 0.000321264 4.69996e-05 1.44013e-05 3.63478e-09 2.48948e-17 3.65295e-48 3.23037e-05 1.64688e-22 8.50971e-11 5.25809e-18 1.10897e-16 9.64322e-10 3.52901e-05 0.0105321 0.0200258 0.000210677 7.66093e-49 0.00140919 8.97863e-19 2.09483e-06 1.45744e-16 2.45039e-14 0.00432619 3.14741e-10 2.23715e-06 0.00161907 1.20159e-08 6.95614e-18 0.0807076 0 0 0 0 0 0 0 0 0 0 0 0 0 0 0 0 0 0 0 0 0 0 0 0 0 0 0 0 0 0 0 0 0 0 0 0 0 0 0 0 0 0 0 0 0 0 0 0 0 0 1.73295e-174 3.74403e-178 3.20716e-181 1.02848e-246 5.007e-216 4.10784e-213 2.47734e-243 7.94635e-203 5.86488e-168 9.30371e-187 2.43231e-215 2.53708e-162 7.72253e-222 2.95885e-266 8.02842e-239 2.76543e-163 5.1175e-226 7.56675e-313 3.97352e-232 2.89584e-108 8.13314e-159 4.38277e-187 2.34742e-236 3.4102e-135 4.62236e-215 0 1.71037e-118 1.11933e-257 2.32683e-175 5.75486e-187 3.13937e-191 7.56818e-190 3.09156e-118 6.5145e-115 2.17573e-220 3.13671e-252 1.09708e-157 4.35409e-180 1.79551e-199 9.59242e-81 4.36733e-270 1.62778e-169 4.69766e-139 1.31438e-179 9.97052e-221 7.29096e-213 8.05533e-311 1.39333e-192 3.37394e-188 4.39507e-239 0 0 0 0 0 0 0 0 0 0 0 0 0 0 0 0 0 0 0 0 0 0 0 0 0 0 0 0 0 0 0 0 0 0 0 0 0 0 0 0 0 0 0 0 0 0 0 0 0 0 0 0 0 0 0 0 0 0 0 0 0 0 0 0 0 0 0 0 0 0 0 0 0 0 0 0 0 0 0 0 0 0 0 0 0 0 0 0 0 0 0 0 0 0 0 0 0 0 0 0 
2.16011e-55 1.0536e-35 5.54514e-24 9.5603e-52 0 4.597e-53 1.08596e-96 5.85176e-28 2.02244e-58 9.92899e-60 3.60432e-14 7.19725e-54 2.19587e-64 1.61127e-17 1.06292e-25 2.49021e-128 1.35748e-23 2.98072e-12 9.99909e-46 7.82442e-27 3.6e-42 1.90669e-76 2.35467e-83 1.33748e-80 1.7642e-31 1.39575e-23 3.8047e-54 1.22299e-49 3.51535e-91 3.11201e-106 3.24412e-120 1.25734e-64 1.92978e-27 1.27389e-25 9.92649e-69 3.05822e-49 7.71862e-83 1.25532e-125 3.7472e-30 5.53096e-11 9.91833e-91 4.50888e-109 2.87736e-98 1.70738e-32 4.80689e-38 2.87514e-91 3.17984e-51 1.19897e-98 6.50496e-10 4.52645e-54 0 0 0 0 0 0 0 0 0 0 0 0 0 0 0 0 0 0 0 0 0 0 0 0 0 0 0 0 0 0 0 0 0 0 0 0 0 0 0 0 0 0 0 0 0 0 0 0 0 0 1.31284e-37 1.48926e-49 5.38489e-45 8.35671e-71 7.97578e-53 2.92755e-56 4.58544e-83 4.20173e-46 3.39324e-37 9.42555e-39 3.84631e-57 5.93311e-28 2.53395e-73 8.03135e-84 9.50811e-65 7.47242e-31 1.85858e-75 6.18046e-107 1.3817e-66 6.55113e-13 2.33705e-26 2.06061e-45 1.37195e-63 1.59293e-17 7.94285e-54 2.06117e-112 1.28581e-13 3.41251e-75 1.50316e-33 1.96552e-40 5.93692e-66 8.35699e-67 9.05383e-23 4.22067e-09 2.57543e-55 8.99325e-83 1.00848e-26 2.13633e-44 1.30372e-45 0.123017 3.99774e-81 2.26851e-39 8.95935e-22 1.08056e-36 2.16495e-56 2.32607e-53 2.06931e-104 1.37126e-49 4.0663e-42 1.08154e-66 0 0 0 0 0 0 0 0 0 0 0 0 0 0 0 0 0 0 0 0 0 0 0 0 0 0 0 0 0 0 0 0 0 0 0 0 0 0 0 0 0 0 0 0 0 0 0 0 0 0 0 0 0 0 0 0 0 0 0 0 0 0 0 0 0 0 0 0 0 0 0 0 0 0 0 0 0 0 0 0 0 0 0 0 0 0 0 0 0 0 1.91918e-295 0 0 0 0 0 0 0 0 0 
0.0128277 0.00956299 6.15111e-06 5.28765e-05 4.597e-53 0 5.73069e-12 4.13413e-13 2.20624e-15 0.638579 3.22901e-14 3.38035e-19 7.45934e-24 9.14261e-10 1.42362e-27 2.45058e-29 4.39002e-06 1.14407e-20 1.21469e-07 6.10111e-21 5.29691e-05 0.000912431 4.5484e-06 2.15504e-17 0.0028338 2.83082e-32 7.55791e-81 2.34699e-18 1.00758e-47 1.0554e-11 1.95081e-34 4.86863e-39 1.27487e-21 2.04686e-07 4.80455e-12 5.64598e-12 1.61996e-11 2.75844e-84 2.73287e-07 1.85407e-27 1.02372e-14 3.47223e-08 3.31207e-33 3.77778e-05 8.28713e-26 2.00373e-09 8.57951e-15 2.59836e-18 1.68685e-24 1.48535e-10 0 0 0 0 0 0 0 0 0 0 0 0 0 0 0 0 0 0 0 0 0 0 0 0 0 0 0 0 0 0 0 0 0 0 0 0 0 0 0 0 0 0 0 0 0 0 0 0 0 0 3.65479e-186 3.71192e-200 7.18818e-198 4.52235e-254 8.4407e-217 2.6291e-225 4.30758e-267 2.89989e-201 1.61515e-182 3.28264e-188 3.32682e-227 1.76298e-156 2.63247e-246 2.60431e-278 1.19207e-232 5.14543e-152 1.52162e-250 2.06548e-318 2.51956e-245 1.52933e-120 1.12623e-160 2.31283e-201 1.04473e-238 5.56644e-140 4.54777e-221 0 2.33021e-127 5.93182e-261 8.26622e-177 1.30395e-193 5.59406e-220 2.12273e-219 4.3818e-137 1.18645e-114 3.05913e-214 6.06542e-272 8.33518e-163 1.71155e-161 4.62455e-191 1.00108e-87 1.21674e-268 1.18554e-185 2.48704e-149 1.85404e-185 6.06705e-226 2.32045e-220 1.41667e-305 4.51452e-174 4.03892e-197 2.88224e-246 0 0 0 0 0 0 0 0 0 0 0 0 0 0 0 0 0 0 0 0 0 0 0 0 0 0 0 0 0 0 0 0 0 0 0 0 0 0 0 0 0 0 0 0 0 0 0 0 0 0 0 0 0 0 0 0 0 0 0 0 0 0 0 0 0 0 0 0 0 0 0 0 0 0 0 0 0 0 0 0 0 0 0 0 0 0 0 0 0 0 0 0 0 0 0 0 0 0 0 0 
8.48601e-26 1.10791e-25 6.80831e-29 1.50568e-07 1.08596e-96 5.73069e-12 0 1.09765e-22 5.15276e-10 2.20592e-06 2.96077e-48 2.29829e-14 7.55902e-14 8.30727e-38 1.0216e-35 0.000309103 5.66238e-28 6.94786e-41 9.88202e-11 2.86461e-29 1.14514e-11 0.0050677 0.0788825 0.000116026 2.51206e-25 1.8128e-41 2.81948e-74 1.89545e-15 2.62851e-25 0.210674 8.02806e-08 1.26913e-26 1.92384e-29 7.14921e-23 9.0272e-05 2.04308e-11 0.0894473 8.31841e-50 3.18345e-19 2.7104e-47 0.0867448 3.07799e-07 5.58268e-11 1.51844e-17 1.1e-26 0.533901 2.26618e-12 0.0391772 2.99346e-46 9.0102e-09 0 0 0 0 0 0 0 0 0 0 0 0 0 0 0 0 0 0 0 0 0 0 0 0 0 0 0 0 0 0 0 0 0 0 0 0 0 0 0 0 0 0 0 0 0 0 0 0 0 0 1.04377e-249 1.71717e-251 9.87484e-257 0 1.4982e-299 1.45186e-295 0 8.94029e-284 2.75853e-241 6.80806e-265 3.05891e-298 8.72445e-235 1.35593e-302 0 0 1.7736e-234 1.63226e-307 0 8.30569e-318 1.25393e-168 2.07929e-231 2.65477e-264 1.97626e-323 8.79518e-203 1.9659e-298 0 6.45007e-182 0 2.86763e-251 4.01503e-265 4.34679e-264 5.46875e-262 2.45878e-179 1.04807e-177 7.48216e-304 0 4.36375e-230 1.12311e-251 1.14513e-278 1.039e-134 0 8.69211e-243 4.3856e-207 2.22139e-256 3.95134e-305 9.03215e-296 0 8.37335e-267 1.96458e-266 0 0 0 0 0 0 0 0 0 0 0 0 0 0 0 0 0 0 0 0 0 0 0 0 0 0 0 0 0 0 0 0 0 0 0 0 0 0 0 0 0 0 0 0 0 0 0 0 0 0 0 0 0 0 0 0 0 0 0 0 0 0 0 0 0 0 0 0 0 0 0 0 0 0 0 0 0 0 0 0 0 0 0 0 0 0 0 0 0 0 0 0 0 0 0 0 0 0 0 0 0 
7.80271e-26 1.47028e-13 1.31814e-07 3.2138e-05 5.85176e-28 4.13413e-13 1.09765e-22 0 6.36665e-06 2.81154e-11 3.92998e-15 4.24897e-05 1.61953e-08 7.23853e-10 0.00373726 8.33408e-36 1.99334e-06 0.00161796 0.00477821 0.182519 0.00345721 7.66012e-17 1.04591e-18 1.9317e-13 2.42838e-10 0.000120216 2.05696e-27 0.000564519 1.4025e-22 2.8661e-29 2.26963e-31 2.87913e-12 0.125813 0.0359255 3.45694e-09 0.0018221 2.40519e-15 1.45794e-46 0.130009 5.33157e-05 1.8978e-18 2.10793e-38 1.63152e-21 0.0117128 0.00290805 5.99921e-21 0.000498621 1.16519e-21 5.42071e-05 9.67242e-05 0 0 0 0 0 0 0 0 0 0 0 0 0 0 0 0 0 0 0 0 0 0 0 0 0 0 0 0 0 0 0 0 0 0 0 0 0 0 0 0 0 0 0 0 0 0 0 0 0 0 2.00978e-123 9.65942e-125 4.25464e-128 9.96149e-187 1.51888e-162 2.96912e-156 2.59504e-180 3.35772e-152 2.68344e-117 3.35211e-137 2.95981e-158 7.55019e-120 9.00948e-162 2.45712e-202 1.92706e-185 8.52715e-124 2.35442e-165 2.57661e-245 2.1363e-172 1.71787e-68 2.09406e-113 1.63176e-133 1.68546e-179 1.39644e-92 9.0561e-160 8.62973e-258 1.31992e-77 1.06439e-197 1.57419e-127 1.76163e-135 1.05197e-135 1.39303e-134 1.79861e-75 7.08812e-78 1.66934e-169 1.7894e-188 3.1889e-111 5.43964e-143 9.94951e-153 7.01088e-48 1.97353e-210 2.57403e-118 4.45228e-94 1.73501e-129 6.27929e-165 2.20861e-157 5.09724e-248 2.05006e-153 8.20129e-136 3.72508e-180 0 0 0 0 0 0 0 0 0 0 0 0 0 0 0 0 0 0 0 0 0 0 0 0 0 0 0 0 0 0 0 0 0 0 0 0 0 0 0 0 0 0 0 0 0 0 0 0 0 0 0 0 0 0 0 0 0 0 0 0 0 0 0 0 0 0 0 0 0 0 0 0 0 0 0 0 0 0 0 0 0 0 0 0 0 0 0 0 0 0 0 0 0 0 0 0 0 0 0 0 
2.43755e-33 2.43783e-23 3.39586e-19 0.0011922 2.02244e-58 2.20624e-15 5.15276e-10 6.36665e-06 0 1.22642e-09 3.61495e-34 0.176286 0.0981386 4.10261e-25 4.13887e-10 8.46353e-15 1.42104e-17 5.35606e-17 0.00882115 1.42873e-07 9.90379e-05 1.39895e-10 3.13939e-10 0.0125567 2.82762e-20 6.35272e-13 2.25357e-30 0.11122 1.50707e-09 7.84284e-16 3.07222e-11 3.83623e-06 1.68095e-07 3.53409e-10 0.0938133 0.144941 5.66447e-05 4.68065e-28 2.19971e-07 2.8556e-19 5.36825e-06 1.21599e-28 5.75635e-06 4.15204e-08 4.59714e-05 6.2241e-10 0.241427 3.83256e-07 6.03433e-20 0.166652 0 0 0 0 0 0 0 0 0 0 0 0 0 0 0 0 0 0 0 0 0 0 0 0 0 0 0 0 0 0 0 0 0 0 0 0 0 0 0 0 0 0 0 0 0 0 0 0 0 0 2.15086e-174 3.69393e-170 2.29885e-177 2.20392e-250 1.68442e-224 6.9268e-213 2.01673e-234 5.60149e-213 1.3104e-165 1.60015e-194 2.2217e-215 2.04826e-175 3.04818e-212 1.8347e-266 1.12345e-252 1.89657e-180 2.10743e-216 2.94995e-318 2.96249e-231 3.50884e-107 4.49657e-166 4.33505e-185 9.22837e-244 4.74409e-140 1.46775e-219 0 4.16111e-120 1.64253e-264 4.78584e-183 8.56516e-191 4.2073e-178 4.37434e-176 3.39517e-112 2.00123e-123 4.14498e-234 1.71909e-246 1.83108e-162 8.04726e-203 9.35768e-215 1.89956e-83 1.44832e-280 5.74401e-166 9.16932e-140 5.48049e-184 7.30037e-226 3.24634e-216 0 2.39842e-215 2.66073e-190 7.73333e-243 0 0 0 0 0 0 0 0 0 0 0 0 0 0 0 0 0 0 0 0 0 0 0 0 0 0 0 0 0 0 0 0 0 0 0 0 0 0 0 0 0 0 0 0 0 0 0 0 0 0 0 0 0 0 0 0 0 0 0 0 0 0 0 0 0 0 0 0 0 0 0 0 0 0 0 0 0 0 0 0 0 0 0 0 0 0 0 0 0 0 0 0 0 0 0 0 0 0 0 0 
7.9519e-08 8.82883e-07 3.65546e-09 0.0238205 9.92899e-60 0.638579 2.20592e-06 2.81154e-11 1.22642e-09 0 1.69084e-20 3.43597e-13 2.80209e-16 2.76582e-14 2.65139e-24 1.88447e-19 6.83908e-09 1.90558e-21 0.000103104 3.65932e-18 0.00249984 0.248724 0.013088 4.59547e-10 1.00057e-06 5.15308e-29 7.55498e-71 7.24914e-13 8.86888e-36 5.6396e-07 2.82846e-23 9.11034e-30 1.1816e-18 6.50801e-08 2.37407e-06 1.13999e-07 1.00786e-05 8.01644e-68 9.33526e-07 1.17454e-27 5.13183e-08 3.21361e-07 1.63479e-22 4.97566e-05 1.17224e-20 0.000109545 9.21344e-10 1.16057e-10 1.68353e-25 3.81894e-06 0 0 0 0 0 0 0 0 0 0 0 0 0 0 0 0 0 0 0 0 0 0 0 0 0 0 0 0 0 0 0 0 0 0 0 0 0 0 0 0 0 0 0 0 0 0 0 0 0 0 4.33635e-195 1.63074e-204 7.51954e-205 1.26004e-267 6.82164e-232 1.46121e-235 3.35433e-273 9.44409e-217 7.06484e-190 6.98466e-202 1.09234e-237 6.86817e-172 3.01741e-251 1.42088e-290 3.20886e-251 2.40841e-169 1.28219e-255 0 7.32378e-256 4.59141e-126 5.28106e-173 1.15741e-209 6.26484e-254 4.60351e-150 5.13035e-234 0 6.56127e-135 1.44714e-276 5.21978e-190 3.42271e-205 1.64051e-221 1.86584e-220 4.11766e-140 9.43306e-126 4.09843e-232 2.69095e-280 8.8887e-174 7.29955e-182 6.12059e-209 5.03103e-94 1.50819e-286 2.30809e-192 2.72041e-157 4.58332e-197 1.98014e-239 1.31252e-232 0 5.73244e-195 8.46626e-208 1.28103e-259 0 0 0 0 0 0 0 0 0 0 0 0 0 0 0 0 0 0 0 0 0 0 0 0 0 0 0 0 0 0 0 0 0 0 0 0 0 0 0 0 0 0 0 0 0 0 0 0 0 0 0 0 0 0 0 0 0 0 0 0 0 0 0 0 0 0 0 0 0 0 0 0 0 0 0 0 0 0 0 0 0 0 0 0 0 0 0 0 0 0 0 0 0 0 0 0 0 0 0 0 
4.13221e-12 2.90602e-05 0.00408747 1.42693e-21 3.60432e-14 3.22901e-14 2.96077e-48 3.92998e-15 3.61495e-34 1.69084e-20 0 9.415e-35 8.09461e-44 0.546993 2.94063e-24 5.91464e-77 0.00151056 1.30091e-09 7.14743e-21 2.55329e-20 2.63832e-16 4.43986e-31 1.36419e-36 1.1052e-46 0.000173131 4.72516e-26 3.0502e-75 7.73027e-32 2.75115e-74 4.20704e-51 5.23865e-78 9.68565e-55 3.3575e-21 5.25484e-08 1.46228e-36 1.51889e-26 2.27062e-42 1.71973e-115 4.0265e-11 1.08145e-13 1.13253e-48 1.13205e-45 2.08198e-67 2.23944e-10 8.6686e-31 1.89015e-43 6.73095e-30 2.87855e-55 1.4966e-10 6.60154e-28 0 0 0 0 0 0 0 0 0 0 0 0 0 0 0 0 0 0 0 0 0 0 0 0 0 0 0 0 0 0 0 0 0 0 0 0 0 0 0 0 0 0 0 0 0 0 0 0 0 0 1.26385e-105 2.3842e-124 6.98847e-118 4.03311e-153 3.72831e-122 1.93979e-134 6.00991e-175 7.06886e-110 2.84438e-105 1.80655e-101 1.26376e-135 1.70034e-76 2.78444e-160 3.52124e-174 4.4811e-132 8.37598e-73 1.8344e-163 7.76784e-202 5.36037e-150 1.5051e-61 5.2196e-82 1.88787e-118 3.57829e-139 4.19216e-69 1.14938e-127 5.80651e-204 2.75646e-63 2.01592e-156 2.80098e-93 7.44138e-108 3.51509e-146 8.57623e-147 2.58697e-78 1.04925e-49 2.48506e-118 7.28837e-175 4.71198e-85 2.7935e-80 7.25315e-101 6.30245e-37 1.49481e-160 8.5522e-109 6.87108e-79 1.5243e-101 6.71067e-131 6.4196e-128 2.78643e-188 4.4482e-89 1.07443e-111 3.9248e-147 0 0 0 0 0 0 0 0 0 0 0 0 0 0 0 0 0 0 0 0 0 0 0 0 0 0 0 0 0 0 0 0 0 0 0 0 0 0 0 0 0 0 0 0 0 0 0 0 0 0 0 0 0 0 0 0 0 0 0 0 0 0 0 0 0 0 0 0 0 0 0 0 0 0 0 0 0 0 0 0 0 0 0 0 0 0 0 0 0 0 0 0 0 0 0 0 0 0 0 0 
1.9266e-38 3.3181e-26 2.09985e-20 1.70711e-05 7.19725e-54 3.38035e-19 2.29829e-14 4.24897e-05 0.176286 3.43597e-13 9.415e-35 0 0.258615 8.16857e-26 3.03373e-07 5.41812e-19 1.37127e-18 6.43675e-15 0.000992921 1.35731e-05 5.02312e-06 6.71936e-15 1.27002e-14 0.0002175 1.67889e-22 1.9749e-09 6.70448e-23 0.404011 6.74756e-08 2.19763e-21 8.99994e-14 0.000933477 1.88306e-05 1.82704e-10 0.00178912 0.0576784 5.1739e-08 1.17239e-24 9.53213e-08 3.02212e-16 3.69579e-09 4.49209e-36 9.61233e-07 4.99224e-09 0.00738253 2.62217e-14 0.203782 2.22729e-10 2.26395e-17 0.0190332 0 0 0 0 0 0 0 0 0 0 0 0 0 0 0 0 0 0 0 0 0 0 0 0 0 0 0 0 0 0 0 0 0 0 0 0 0 0 0 0 0 0 0 0 0 0 0 0 0 0 3.78793e-162 3.73164e-156 4.73184e-164 1.62228e-236 6.0346e-213 3.35264e-199 6.3029e-218 2.24649e-202 4.00134e-153 8.00256e-184 1.11442e-201 3.00189e-167 2.28253e-196 4.09634e-251 5.93713e-242 1.26788e-173 2.2224e-200 8.39548e-303 9.04629e-217 1.49281e-97 2.58577e-156 6.04712e-172 3.20365e-231 1.28894e-130 5.75112e-207 9.01324e-320 1.3085e-110 4.03954e-251 9.28704e-173 4.9456e-179 8.2253e-163 9.19287e-161 4.31651e-101 6.63892e-116 5.61709e-224 2.7239e-230 4.48533e-152 2.04334e-197 7.1573e-206 4.44616e-76 8.43822e-268 3.59332e-153 3.95249e-129 1.21098e-172 3.0561e-213 2.10223e-203 2.54921e-311 1.93727e-209 4.62603e-178 3.04351e-229 0 0 0 0 0 0 0 0 0 0 0 0 0 0 0 0 0 0 0 0 0 0 0 0 0 0 0 0 0 0 0 0 0 0 0 0 0 0 0 0 0 0 0 0 0 0 0 0 0 0 0 0 0 0 0 0 0 0 0 0 0 0 0 0 0 0 0 0 0 0 0 0 0 0 0 0 0 0 0 0 0 0 0 0 0 0 0 0 0 0 0 0 0 0 0 0 0 0 0 0 
1.08443e-45 4.22458e-33 4.41732e-27 1.056e-07 2.19587e-64 7.45934e-24 7.55902e-14 1.61953e-08 0.0981386 2.80209e-16 8.09461e-44 0.258615 0 1.47446e-33 4.53414e-10 2.38754e-15 5.29632e-25 1.52859e-20 6.12554e-06 1.40271e-08 4.436e-09 1.04859e-16 1.16609e-15 0.0035343 4.10174e-29 2.09009e-12 7.99455e-22 0.0865211 0.000456023 3.17315e-21 1.44195e-09 0.0465034 2.58159e-08 2.40788e-15 0.00178464 0.00274667 1.21962e-07 6.68176e-18 7.49587e-12 1.16921e-21 4.30975e-08 2.97148e-38 0.00278193 2.60661e-13 0.000376317 2.07965e-14 0.0279584 1.34836e-08 2.84808e-23 0.00143777 0 0 0 0 0 0 0 0 0 0 0 0 0 0 0 0 0 0 0 0 0 0 0 0 0 0 0 0 0 0 0 0 0 0 0 0 0 0 0 0 0 0 0 0 0 0 0 0 0 0 4.4879e-176 4.03339e-167 8.64259e-177 3.24275e-254 2.99435e-231 1.9695e-214 9.53471e-231 9.3969e-221 5.93827e-166 6.88361e-201 4.40954e-217 5.12827e-185 3.4522e-208 3.36094e-268 1.26103e-262 1.69108e-192 2.47993e-212 5.92879e-323 2.17083e-232 2.21379e-108 3.53548e-172 1.29014e-185 7.61795e-250 9.37896e-145 6.26134e-224 0 6.70523e-123 3.17722e-270 2.2046e-189 8.41915e-195 5.41593e-172 1.33486e-169 2.02415e-110 2.34867e-130 5.29105e-244 1.07516e-244 4.38999e-167 3.32851e-218 1.28408e-225 5.77734e-87 1.89233e-288 1.35845e-165 5.57356e-142 2.45376e-188 1.31655e-230 6.68256e-220 0 9.95234e-231 2.82519e-193 9.88797e-247 0 0 0 0 0 0 0 0 0 0 0 0 0 0 0 0 0 0 0 0 0 0 0 0 0 0 0 0 0 0 0 0 0 0 0 0 0 0 0 0 0 0 0 0 0 0 0 0 0 0 0 0 0 0 0 0 0 0 0 0 0 0 0 0 0 0 0 0 0 0 0 0 0 0 0 0 0 0 0 0 0 0 0 0 0 0 0 0 0 0 0 0 0 0 0 0 0 0 0 0 
1.84121e-10 0.00168682 0.256558 1.42446e-14 1.61127e-17 9.14261e-10 8.30727e-38 7.23853e-10 4.10261e-25 2.76582e-14 0.546993 8.16857e-26 1.47446e-33 0 1.40506e-18 6.04917e-63 0.179466 4.8925e-07 5.43784e-14 1.04322e-14 2.40224e-10 2.68686e-23 6.42864e-28 8.89265e-36 0.0175016 1.25959e-20 1.07939e-65 2.17604e-23 7.95854e-61 6.59183e-41 1.42864e-63 8.10734e-44 1.85595e-15 0.000286167 4.75178e-27 1.01886e-18 2.93566e-32 6.62184e-99 1.73627e-06 5.35846e-11 9.48413e-38 6.52094e-38 4.72207e-54 7.13856e-06 2.8774e-23 1.04747e-33 1.37585e-21 1.62589e-43 2.34366e-08 8.83872e-20 0 0 0 0 0 0 0 0 0 0 0 0 0 0 0 0 0 0 0 0 0 0 0 0 0 0 0 0 0 0 0 0 0 0 0 0 0 0 0 0 0 0 0 0 0 0 0 0 0 0 6.96139e-114 1.90656e-129 6.41495e-125 6.50947e-166 2.4402e-135 2.22218e-144 1.71229e-182 5.06001e-123 2.63907e-112 4.01222e-113 9.16351e-146 1.26705e-88 1.33568e-166 1.8371e-186 7.28335e-148 5.02642e-86 5.94033e-170 9.34691e-218 1.73232e-160 6.42244e-66 3.65274e-92 1.55792e-126 7.50195e-153 3.06978e-77 1.89469e-139 8.11303e-222 2.59052e-69 9.22191e-171 2.25124e-104 3.67256e-118 2.1172e-149 1.26615e-149 3.70726e-81 5.9697e-58 2.65638e-133 3.48188e-184 2.60276e-94 1.651e-95 2.35836e-115 4.55181e-41 1.40141e-176 2.10946e-115 1.04724e-85 1.04082e-111 3.79186e-143 3.38252e-139 8.98503e-207 6.02851e-105 1.98461e-121 1.19891e-159 0 0 0 0 0 0 0 0 0 0 0 0 0 0 0 0 0 0 0 0 0 0 0 0 0 0 0 0 0 0 0 0 0 0 0 0 0 0 0 0 0 0 0 0 0 0 0 0 0 0 0 0 0 0 0 0 0 0 0 0 0 0 0 0 0 0 0 0 0 0 0 0 0 0 0 0 0 0 0 0 0 0 0 0 0 0 0 0 0 0 0 0 0 0 0 0 0 0 0 0 
1.07766e-44 6.0126e-27 5.80398e-17 9.54751e-14 1.06292e-25 1.42362e-27 1.0216e-35 0.00373726 4.13887e-10 2.65139e-24 2.94063e-24 3.03373e-07 4.53414e-10 1.40506e-18 0 7.79926e-47 3.45114e-15 0.000150246 1.85619e-09 0.231392 7.39829e-11 5.20939e-31 1.19478e-32 5.47221e-20 4.54008e-22 0.588627 3.37768e-12 5.15083e-06 1.07933e-19 2.50082e-45 3.51051e-38 9.35735e-09 0.272915 2.07472e-08 2.86723e-16 4.06983e-08 2.36963e-25 5.11106e-38 1.2561e-07 0.00109385 2.20661e-28 3.97897e-60 1.46418e-24 4.41119e-10 0.0974801 2.32305e-34 1.14439e-07 2.14316e-31 5.33142e-05 1.43677e-10 0 0 0 0 0 0 0 0 0 0 0 0 0 0 0 0 0 0 0 0 0 0 0 0 0 0 0 0 0 0 0 0 0 0 0 0 0 0 0 0 0 0 0 0 0 0 0 0 0 0 9.42761e-105 2.28161e-100 2.78109e-106 3.41998e-166 8.58499e-148 7.33662e-135 5.10787e-151 9.7995e-140 1.72879e-97 7.98308e-124 6.47537e-137 7.94115e-113 2.01099e-133 5.61821e-178 6.86116e-174 1.60244e-120 1.00749e-136 2.3404e-222 2.57611e-149 2.16352e-54 1.26966e-101 1.3869e-112 1.39362e-162 1.14378e-80 7.32941e-142 5.47323e-238 1.40574e-64 5.06001e-179 6.78982e-115 6.46986e-119 2.33618e-107 5.54444e-106 4.2254e-57 1.19415e-70 5.17838e-159 1.05504e-160 1.66064e-97 4.5008e-144 4.82977e-145 3.75012e-39 4.8713e-194 1.47205e-97 1.17931e-78 7.20241e-114 3.66341e-147 1.02531e-138 5.27319e-232 1.43291e-153 7.94514e-118 3.74975e-160 0 0 0 0 0 0 0 0 0 0 0 0 0 0 0 0 0 0 0 0 0 0 0 0 0 0 0 0 0 0 0 0 0 0 0 0 0 0 0 0 0 0 0 0 0 0 0 0 0 0 0 0 0 0 0 0 0 0 0 0 0 0 0 0 0 0 0 0 0 0 0 0 0 0 0 0 0 0 0 0 0 0 0 0 0 0 0 0 0 0 0 0 0 0 0 0 0 0 0 0 
1.90971e-50 6.15307e-49 3.07981e-51 6.67541e-18 2.49021e-128 2.45058e-29 0.000309103 8.33408e-36 8.46353e-15 1.88447e-19 5.91464e-77 5.41812e-19 2.38754e-15 6.04917e-63 7.79926e-47 0 1.44924e-49 9.66971e-60 6.4736e-21 5.42358e-41 3.3093e-24 9.19859e-13 1.69043e-09 9.93731e-06 1.08484e-47 7.17448e-53 6.30781e-74 3.64181e-21 1.29034e-18 4.73109e-06 0.637886 1.42979e-25 8.08965e-41 3.62274e-40 4.08133e-09 4.35051e-19 2.31625e-05 7.59328e-35 1.9766e-34 2.15502e-65 0.00162223 1.36764e-18 9.35199e-06 2.42585e-33 8.96272e-34 3.98523e-06 9.82613e-19 0.0616345 9.26923e-66 5.26808e-16 0 0 0 0 0 0 0 0 0 0 0 0 0 0 0 0 0 0 0 0 0 0 0 0 0 0 0 0 0 0 0 0 0 0 0 0 0 0 0 0 0 0 0 0 0 0 0 0 0 0 4.13702e-289 1.57386e-282 1.04506e-292 0 0 0 0 0 1.15083e-277 4.19612e-313 0 2.18174e-285 0 0 0 2.43158e-288 0 0 0 3.87946e-200 1.5246e-276 7.7266e-303 0 2.66681e-243 0 0 2.05433e-217 0 2.30789e-298 1.29756e-309 4.86349e-290 5.29468e-287 1.70699e-206 1.92309e-219 0 0 8.78775e-273 5.33194e-311 0 8.23537e-167 0 5.25355e-278 7.00304e-244 9.56465e-301 0 0 0 0 2.50654e-309 0 0 0 0 0 0 0 0 0 0 0 0 0 0 0 0 0 0 0 0 0 0 0 0 0 0 0 0 0 0 0 0 0 0 0 0 0 0 0 0 0 0 0 0 0 0 0 0 0 0 0 0 0 0 0 0 0 0 0 0 0 0 0 0 0 0 0 0 0 0 0 0 0 0 0 0 0 0 0 0 0 0 0 0 0 0 0 0 0 0 0 0 0 0 0 0 0 0 0 0 0 
2.64023e-09 0.00973913 0.670413 8.84387e-09 1.35748e-23 4.39002e-06 5.66238e-28 1.99334e-06 1.42104e-17 6.83908e-09 0.00151056 1.37127e-18 5.29632e-25 0.179466 3.45114e-15 1.44924e-49 0 1.37305e-06 1.60438e-08 3.49063e-11 1.0055e-05 3.75208e-16 7.35451e-20 4.48178e-26 0.126107 1.23694e-17 1.83024e-59 1.09656e-16 2.47825e-49 4.70478e-31 3.83298e-50 4.80258e-35 8.1052e-12 0.0409656 9.29247e-19 2.0109e-12 4.60719e-23 1.14017e-84 0.00207301 1.2075e-10 1.03923e-27 4.45497e-30 4.12745e-42 0.008429 7.11189e-18 1.41569e-24 7.0131e-15 1.26253e-32 2.10146e-08 4.64834e-13 0 0 0 0 0 0 0 0 0 0 0 0 0 0 0 0 0 0 0 0 0 0 0 0 0 0 0 0 0 0 0 0 0 0 0 0 0 0 0 0 0 0 0 0 0 0 0 0 0 0 1.18667e-126 1.94983e-139 1.05608e-136 1.30744e-183 6.67116e-153 3.61724e-159 1.63184e-195 2.49567e-140 6.78994e-124 5.95181e-129 9.34068e-161 2.37422e-104 3.0175e-178 5.50836e-204 7.40094e-168 1.51351e-102 8.35976e-182 5.83409e-239 5.18662e-176 3.53099e-74 2.85267e-106 2.48604e-139 3.8863e-171 3.05589e-89 7.69354e-156 9.39357e-245 3.28958e-79 6.60928e-190 1.51108e-119 7.04678e-133 8.49504e-158 1.23103e-157 3.21404e-88 1.26083e-69 2.44799e-152 6.34992e-199 1.16586e-107 1.00672e-113 1.28245e-133 1.39363e-48 2.79802e-197 1.23163e-126 1.17416e-96 3.44694e-126 5.1675e-160 3.94005e-155 5.08538e-230 6.41866e-124 1.11633e-135 5.27684e-177 0 0 0 0 0 0 0 0 0 0 0 0 0 0 0 0 0 0 0 0 0 0 0 0 0 0 0 0 0 0 0 0 0 0 0 0 0 0 0 0 0 0 0 0 0 0 0 0 0 0 0 0 0 0 0 0 0 0 0 0 0 0 0 0 0 0 0 0 0 0 0 0 0 0 0 0 0 0 0 0 0 0 0 0 0 0 0 0 0 0 0 0 0 0 0 0 0 0 0 0 
2.62682e-30 1.7787e-15 1.52051e-07 1.34599e-14 2.98072e-12 1.14407e-20 6.94786e-41 0.00161796 5.35606e-17 1.90558e-21 1.30091e-09 6.43675e-15 1.52859e-20 4.8925e-07 0.000150246 9.66971e-60 1.37305e-06 0 3.95984e-11 0.00077394 3.68803e-10 1.45826e-30 5.29098e-34 3.20748e-29 7.124e-12 7.53263e-05 1.36828e-29 8.17976e-13 2.01407e-38 1.5979e-48 5.63798e-54 5.569e-23 0.000394914 0.000333671 1.35089e-22 1.90063e-12 2.25688e-31 1.84755e-65 3.10229e-05 0.312779 5.61015e-36 6.51548e-56 3.65386e-40 9.56917e-07 1.55463e-08 5.26936e-38 2.04935e-13 1.16585e-40 0.605376 6.89006e-15 0 0 0 0 0 0 0 0 0 0 0 0 0 0 0 0 0 0 0 0 0 0 0 0 0 0 0 0 0 0 0 0 0 0 0 0 0 0 0 0 0 0 0 0 0 0 0 0 0 0 4.31652e-90 1.63382e-94 1.73117e-95 7.38705e-144 7.30044e-122 2.35789e-118 5.99049e-143 9.43926e-113 1.02906e-85 4.05987e-100 5.25879e-120 4.35683e-85 3.26806e-127 1.70859e-158 1.91652e-141 7.34927e-89 2.50165e-130 2.74025e-195 1.34024e-132 7.54504e-45 5.69698e-80 2.27184e-99 8.77469e-137 6.56553e-63 3.82169e-120 1.0749e-205 2.29475e-51 7.7411e-153 7.00275e-92 2.46612e-99 5.08309e-107 1.65359e-106 1.47665e-52 2.26461e-50 1.35618e-127 1.62025e-148 1.65066e-78 1.84868e-106 3.71301e-113 2.14995e-27 1.58309e-163 4.67784e-87 3.98686e-65 4.34753e-94 1.70855e-124 2.49625e-118 1.2306e-196 3.35107e-115 4.94074e-100 4.42588e-138 0 0 0 0 0 0 0 0 0 0 0 0 0 0 0 0 0 0 0 0 0 0 0 0 0 0 0 0 0 0 0 0 0 0 0 0 0 0 0 0 0 0 0 0 0 0 0 0 0 0 0 0 0 0 0 0 0 0 0 0 0 0 0 0 0 0 0 0 0 0 0 0 0 0 0 0 0 0 0 0 0 0 0 0 0 0 0 0 0 0 0 0 0 0 0 0 0 0 0 0 
1.97473e-20 2.29546e-12 1.40158e-09 0.308496 9.99909e-46 1.21469e-07 9.88202e-11 0.00477821 0.00882115 0.000103104 7.14743e-21 0.000992921 6.12554e-06 5.43784e-14 1.85619e-09 6.4736e-21 1.60438e-08 3.95984e-11 0 4.05175e-06 0.327773 2.25003e-07 2.7659e-08 4.57856e-06 3.66107e-10 2.16219e-12 4.33023e-39 0.00259277 1.82682e-19 3.16598e-15 2.69032e-19 7.03487e-13 2.67499e-06 0.000367491 0.00367695 0.161895 3.15899e-06 5.58834e-44 0.0122696 2.52102e-14 2.35151e-08 6.03222e-23 8.25143e-14 0.00996483 1.27829e-06 1.37963e-09 0.0286019 1.13569e-10 6.65046e-14 0.179102 0 0 0 0 0 0 0 0 0 0 0 0 0 0 0 0 0 0 0 0 0 0 0 0 0 0 0 0 0 0 0 0 0 0 0 0 0 0 0 0 0 0 0 0 0 0 0 0 0 0 1.68258e-160 2.45381e-162 4.00513e-166 4.69195e-231 9.12622e-203 1.22884e-197 6.13399e-225 1.49632e-190 1.01298e-153 2.21704e-174 7.54392e-200 1.42701e-152 4.37085e-204 4.65156e-249 1.98893e-226 6.30366e-155 4.12753e-208 1.50541e-295 8.00468e-216 5.53823e-97 2.07201e-147 3.63963e-172 4.49681e-222 4.02912e-124 1.01237e-200 5.67462e-308 2.37355e-107 1.62755e-242 2.08307e-163 1.74255e-173 4.47673e-174 1.16521e-172 2.01531e-105 7.98986e-106 1.31954e-208 3.81046e-234 1.26066e-145 3.31336e-173 5.54203e-189 8.34553e-72 1.41624e-255 5.92484e-155 9.804e-127 1.47114e-166 2.33386e-206 2.69423e-198 5.37819e-296 3.50938e-185 3.21147e-174 1.04893e-223 0 0 0 0 0 0 0 0 0 0 0 0 0 0 0 0 0 0 0 0 0 0 0 0 0 0 0 0 0 0 0 0 0 0 0 0 0 0 0 0 0 0 0 0 0 0 0 0 0 0 0 0 0 0 0 0 0 0 0 0 0 0 0 0 0 0 0 0 0 0 0 0 0 0 0 0 0 0 0 0 0 0 0 0 0 0 0 0 0 0 0 0 0 0 0 0 0 0 0 0 
2.27011e-36 5.67975e-21 1.01108e-12 1.73382e-09 7.82442e-27 6.10111e-21 2.86461e-29 0.182519 1.42873e-07 3.65932e-18 2.55329e-20 1.35731e-05 1.40271e-08 1.04322e-14 0.231392 5.42358e-41 3.49063e-11 0.00077394 4.05175e-06 0 4.8294e-07 2.89517e-24 6.15817e-26 2.66992e-16 8.60394e-17 0.0450318 5.56604e-18 0.000191183 6.95848e-20 1.3546e-37 3.99491e-34 2.12792e-09 0.612294 2.26447e-05 1.8838e-12 1.81503e-05 3.12918e-20 2.0232e-40 0.000127522 0.000562089 3.10463e-23 3.96105e-50 3.33295e-22 1.77249e-06 0.0903662 8.45425e-28 2.02765e-05 2.84013e-26 9.32931e-05 2.16447e-07 0 0 0 0 0 0 0 0 0 0 0 0 0 0 0 0 0 0 0 0 0 0 0 0 0 0 0 0 0 0 0 0 0 0 0 0 0 0 0 0 0 0 0 0 0 0 0 0 0 0 2.62112e-113 3.75377e-111 4.19022e-116 7.04906e-176 5.13528e-155 1.03765e-144 4.25075e-164 5.70012e-146 1.90646e-106 2.40862e-130 9.33821e-147 1.20889e-116 5.23918e-146 2.84223e-189 6.36664e-180 8.36849e-123 1.92774e-149 2.59669e-233 6.23246e-160 1.06794e-60 2.38766e-107 4.22862e-122 8.96886e-171 2.64263e-86 2.41923e-150 1.0072e-247 1.527e-70 5.09537e-188 4.69191e-121 1.0339e-126 1.0205e-119 2.00959e-118 3.88933e-65 2.82803e-74 1.57468e-164 2.96233e-173 5.32494e-104 1.26678e-144 2.57116e-149 3.95938e-43 3.57201e-202 6.80162e-107 1.04411e-85 3.01318e-121 1.28879e-155 1.7343e-147 3.73529e-240 1.4466e-154 3.41105e-126 1.37274e-169 0 0 0 0 0 0 0 0 0 0 0 0 0 0 0 0 0 0 0 0 0 0 0 0 0 0 0 0 0 0 0 0 0 0 0 0 0 0 0 0 0 0 0 0 0 0 0 0 0 0 0 0 0 0 0 0 0 0 0 0 0 0 0 0 0 0 0 0 0 0 0 0 0 0 0 0 0 0 0 0 0 0 0 0 0 0 0 0 0 0 0 0 0 0 0 0 0 0 0 0 
2.26865e-15 1.81319e-08 1.64116e-06 0.34597 3.6e-42 5.29691e-05 1.14514e-11 0.00345721 9.90379e-05 0.00249984 2.63832e-16 5.02312e-06 4.436e-09 2.40224e-10 7.39829e-11 3.3093e-24 1.0055e-05 3.68803e-10 0.327773 4.8294e-07 0 1.27792e-06 4.59329e-08 1.48168e-08 9.89487e-07 6.19318e-14 3.28282e-45 2.31454e-05 2.9799e-25 2.05055e-15 1.1403e-23 2.11818e-17 2.42498e-07 0.00879634 8.85042e-05 0.0106244 1.38078e-07 1.2865e-52 0.0851585 6.82104e-14 3.56916e-10 1.16243e-20 2.3961e-18 0.156692 7.07693e-09 4.64053e-10 0.000637919 5.51954e-13 6.23151e-13 0.0138735 0 0 0 0 0 0 0 0 0 0 0 0 0 0 0 0 0 0 0 0 0 0 0 0 0 0 0 0 0 0 0 0 0 0 0 0 0 0 0 0 0 0 0 0 0 0 0 0 0 0 1.49806e-157 2.88133e-162 1.77946e-164 5.39213e-226 2.50073e-196 2.59591e-194 1.62499e-224 1.12501e-183 1.13233e-151 1.66232e-168 2.09859e-196 3.68734e-145 3.81335e-204 4.78776e-245 6.42792e-218 3.67339e-146 3.91915e-208 2.92445e-289 1.54928e-212 3.01426e-95 4.8991e-142 9.1301e-170 8.44479e-216 7.00235e-120 1.09778e-195 5.46653e-300 1.71972e-104 3.1194e-236 1.0877e-157 5.45598e-169 7.81584e-176 1.10661e-174 2.21287e-105 1.39531e-100 2.47952e-200 1.92248e-232 3.92316e-141 1.82638e-162 2.07295e-180 4.08939e-69 6.58625e-248 2.49817e-153 6.35522e-124 5.97495e-162 4.8617e-201 1.08749e-193 6.68094e-287 2.82473e-174 2.52606e-170 1.08724e-218 0 0 0 0 0 0 0 0 0 0 0 0 0 0 0 0 0 0 0 0 0 0 0 0 0 0 0 0 0 0 0 0 0 0 0 0 0 0 0 0 0 0 0 0 0 0 0 0 0 0 0 0 0 0 0 0 0 0 0 0 0 0 0 0 0 0 0 0 0 0 0 0 0 0 0 0 0 0 0 0 0 0 0 0 0 0 0 0 0 0 0 0 0 0 0 0 0 0 0 0 
2.07325e-12 6.06802e-13 1.51427e-16 0.000321264 1.90669e-76 0.000912431 0.0050677 7.66012e-17 1.39895e-10 0.248724 4.43986e-31 6.71936e-15 1.04859e-16 2.68686e-23 5.20939e-31 9.19859e-13 3.75208e-16 1.45826e-30 2.25003e-07 2.89517e-24 1.27792e-06 0 0.620909 3.2293e-08 3.86324e-13 1.93142e-36 2.70406e-77 3.7666e-15 4.87473e-34 0.00597219 1.98181e-17 4.87382e-31 1.10572e-24 4.06391e-14 6.95387e-06 7.86781e-10 0.00111661 2.21633e-64 4.93145e-12 2.26672e-37 4.29134e-05 0.000395764 4.862e-19 5.17137e-10 4.39192e-25 0.0547059 1.05857e-11 6.99254e-07 2.33447e-35 1.3215e-07 0 0 0 0 0 0 0 0 0 0 0 0 0 0 0 0 0 0 0 0 0 0 0 0 0 0 0 0 0 0 0 0 0 0 0 0 0 0 0 0 0 0 0 0 0 0 0 0 0 0 2.26324e-222 4.56903e-230 9.30737e-232 1.61024e-300 2.03827e-263 1.46986e-265 5.27184e-303 1.61059e-247 3.738e-216 2.79734e-231 6.87118e-268 7.85667e-200 2.14493e-279 0 1.22941e-284 2.48429e-197 4.81104e-284 0 5.38162e-287 1.31924e-147 3.05555e-200 1.869e-237 1.11793e-286 4.22301e-175 5.69982e-265 0 5.90692e-158 1.34786e-310 1.48405e-218 4.33437e-234 3.20423e-246 8.21478e-245 2.7184e-161 1.89382e-149 2.7172e-264 1.35343e-311 1.26929e-200 1.02098e-210 1.04557e-239 1.22753e-113 9.7825e-322 1.82886e-218 5.82476e-182 1.64234e-225 7.42726e-271 3.0701e-263 0 8.04268e-225 1.67089e-236 4.87144e-292 0 0 0 0 0 0 0 0 0 0 0 0 0 0 0 0 0 0 0 0 0 0 0 0 0 0 0 0 0 0 0 0 0 0 0 0 0 0 0 0 0 0 0 0 0 0 0 0 0 0 0 0 0 0 0 0 0 0 0 0 0 0 0 0 0 0 0 0 0 0 0 0 0 0 0 0 0 0 0 0 0 0 0 0 0 0 0 0 0 0 0 0 0 0 0 0 0 0 0 0 
2.46911e-16 8.1009e-17 2.05432e-20 4.69996e-05 2.35467e-83 4.5484e-06 0.0788825 1.04591e-18 3.13939e-10 0.013088 1.36419e-36 1.27002e-14 1.16609e-15 6.42864e-28 1.19478e-32 1.69043e-09 7.35451e-20 5.29098e-34 2.7659e-08 6.15817e-26 4.59329e-08 0.620909 0 8.86403e-07 7.04287e-17 3.11892e-38 1.02208e-76 3.68822e-15 3.87129e-31 0.0676536 6.25839e-14 1.27165e-29 2.80084e-26 7.28809e-17 2.94509e-05 3.40052e-10 0.0108162 1.12378e-59 2.95351e-14 9.49548e-41 0.00123603 0.000177379 3.49909e-16 2.62351e-12 1.20331e-25 0.331398 8.70117e-12 6.12623e-05 5.04179e-39 8.62315e-08 0 0 0 0 0 0 0 0 0 0 0 0 0 0 0 0 0 0 0 0 0 0 0 0 0 0 0 0 0 0 0 0 0 0 0 0 0 0 0 0 0 0 0 0 0 0 0 0 0 0 3.38223e-232 4.58464e-238 7.01922e-241 5.37131e-313 4.18909e-276 2.24669e-276 1.9015e-312 3.54667e-260 2.87876e-225 4.54147e-243 8.04555e-279 7.06574e-212 4.04721e-288 0 7.80887e-299 5.27983e-210 7.20273e-293 0 3.88224e-298 3.79235e-155 3.75885e-211 3.47813e-247 1.16373e-299 7.83042e-185 7.522e-277 0 1.84646e-166 4.94066e-324 5.13129e-230 4.19908e-245 3.88912e-253 1.67932e-251 5.88688e-168 3.1367e-159 5.2209e-278 4.59481e-322 5.14008e-211 1.51119e-224 3.92507e-253 4.98988e-121 0 2.47471e-227 6.18876e-191 1.93634e-236 5.25296e-283 7.93794e-275 0 5.00634e-239 3.46048e-247 2.36716e-304 0 0 0 0 0 0 0 0 0 0 0 0 0 0 0 0 0 0 0 0 0 0 0 0 0 0 0 0 0 0 0 0 0 0 0 0 0 0 0 0 0 0 0 0 0 0 0 0 0 0 0 0 0 0 0 0 0 0 0 0 0 0 0 0 0 0 0 0 0 0 0 0 0 0 0 0 0 0 0 0 0 0 0 0 0 0 0 0 0 0 0 0 0 0 0 0 0 0 0 0 
1.14447e-36 1.2525e-29 9.78631e-28 1.44013e-05 1.33748e-80 2.15504e-17 0.000116026 1.9317e-13 0.0125567 4.59547e-10 1.1052e-46 0.0002175 0.0035343 8.89265e-36 5.47221e-20 9.93731e-06 4.48178e-26 3.20748e-29 4.57856e-06 2.66992e-16 1.48168e-08 3.2293e-08 8.86403e-07 0 3.50699e-27 5.99543e-24 2.42352e-42 2.57008e-05 3.72564e-09 4.23822e-09 0.000542835 1.43854e-09 3.49343e-16 7.5047e-18 0.454557 0.000145602 0.0838046 1.26068e-26 5.85865e-14 1.14983e-32 0.092399 5.30459e-22 0.0245337 4.65186e-14 5.35249e-12 2.52806e-05 0.000293968 0.0686334 2.85075e-33 0.00201334 0 0 0 0 0 0 0 0 0 0 0 0 0 0 0 0 0 0 0 0 0 0 0 0 0 0 0 0 0 0 0 0 0 0 0 0 0 0 0 0 0 0 0 0 0 0 0 0 0 0 1.27479e-212 2.53618e-207 1.02191e-215 7.42359e-296 3.26987e-267 5.86722e-255 9.95952e-278 2.46919e-254 8.2188e-203 2.31017e-234 1.08091e-257 2.78546e-212 2.44846e-253 2.02966e-313 4.06642e-297 1.13437e-216 6.83591e-258 0 4.87397e-275 1.6875e-137 5.815e-203 2.30487e-224 2.21375e-288 2.93914e-174 3.69581e-262 0 4.49054e-152 4.91034e-311 1.05717e-221 1.29618e-230 5.71367e-215 1.4472e-212 7.26348e-143 4.11469e-155 7.8671e-277 2.37236e-291 3.13535e-199 2.67639e-239 3.21356e-255 2.15415e-110 0 3.9401e-203 3.57136e-174 4.47229e-223 5.14235e-269 1.47418e-258 0 3.17263e-253 3.77526e-230 1.2511e-287 0 0 0 0 0 0 0 0 0 0 0 0 0 0 0 0 0 0 0 0 0 0 0 0 0 0 0 0 0 0 0 0 0 0 0 0 0 0 0 0 0 0 0 0 0 0 0 0 0 0 0 0 0 0 0 0 0 0 0 0 0 0 0 0 0 0 0 0 0 0 0 0 0 0 0 0 0 0 0 0 0 0 0 0 0 0 0 0 0 0 0 0 0 0 0 0 0 0 0 0 
0.000312886 0.731057 0.218318 3.63478e-09 1.7642e-31 0.0028338 2.51206e-25 2.42838e-10 2.82762e-20 1.00057e-06 0.000173131 1.67889e-22 4.10174e-29 0.0175016 4.54008e-22 1.08484e-47 0.126107 7.124e-12 3.66107e-10 8.60394e-17 9.89487e-07 3.86324e-13 7.04287e-17 3.50699e-27 0 2.28035e-25 1.69613e-73 1.02373e-20 1.09491e-55 1.17001e-26 1.07184e-50 4.70629e-42 1.50829e-17 0.000326798 1.04048e-19 5.4416e-15 3.14182e-22 5.42126e-94 1.54463e-05 2.71993e-17 7.94163e-27 1.24235e-22 5.38664e-45 0.0004076 4.21502e-24 8.7486e-22 5.48376e-18 9.14526e-32 2.47174e-14 6.67487e-15 0 0 0 0 0 0 0 0 0 0 0 0 0 0 0 0 0 0 0 0 0 0 0 0 0 0 0 0 0 0 0 0 0 0 0 0 0 0 0 0 0 0 0 0 0 0 0 0 0 0 1.00206e-144 1.68725e-160 1.74976e-156 2.73225e-203 3.12213e-169 4.98344e-179 9.66328e-220 2.59508e-155 1.69516e-142 2.66115e-144 1.31255e-180 5.03718e-116 8.82088e-202 7.49237e-226 1.32975e-182 3.82634e-112 1.59546e-205 2.04578e-260 6.32358e-197 3.95136e-89 1.62413e-120 1.03888e-158 8.57269e-189 2.46628e-103 7.28488e-174 1.41706e-264 1.01956e-93 1.13835e-208 2.12983e-134 6.01734e-150 5.57775e-181 6.35089e-181 1.66625e-105 5.57121e-81 2.27911e-166 1.85692e-222 6.14226e-123 5.44199e-121 6.00074e-146 2.35338e-60 6.80947e-215 9.53346e-146 1.16321e-112 1.09768e-142 5.25378e-178 1.52607e-173 1.08617e-247 8.39674e-132 1.62112e-153 2.43504e-196 0 0 0 0 0 0 0 0 0 0 0 0 0 0 0 0 0 0 0 0 0 0 0 0 0 0 0 0 0 0 0 0 0 0 0 0 0 0 0 0 0 0 0 0 0 0 0 0 0 0 0 0 0 0 0 0 0 0 0 0 0 0 0 0 0 0 0 0 0 0 0 0 0 0 0 0 0 0 0 0 0 0 0 0 0 0 0 0 0 0 0 0 0 0 0 0 0 0 0 0 
5.3418e-50 1.12683e-30 1.62752e-19 2.48948e-17 1.39575e-23 2.83082e-32 1.8128e-41 0.000120216 6.35272e-13 5.15308e-29 4.72516e-26 1.9749e-09 2.09009e-12 1.25959e-20 0.588627 7.17448e-53 1.23694e-17 7.53263e-05 2.16219e-12 0.0450318 6.19318e-14 1.93142e-36 3.11892e-38 5.99543e-24 2.28035e-25 0 1.94002e-09 4.74813e-08 1.64083e-21 6.61474e-52 4.39197e-43 9.09675e-10 0.0577403 1.60203e-10 4.81038e-20 9.13204e-11 3.92563e-30 6.09984e-39 6.79312e-10 0.00249883 2.4277e-33 9.04514e-68 4.2868e-28 9.91306e-13 0.0168811 4.74252e-40 3.87165e-10 1.68966e-36 6.62287e-05 1.22841e-13 0 0 0 0 0 0 0 0 0 0 0 0 0 0 0 0 0 0 0 0 0 0 0 0 0 0 0 0 0 0 0 0 0 0 0 0 0 0 0 0 0 0 0 0 0 0 0 0 0 0 1.29586e-96 2.48212e-91 1.60555e-97 2.14006e-156 1.34555e-139 1.63923e-125 6.15211e-140 3.20357e-132 2.5657e-89 2.08226e-116 1.56163e-127 3.69377e-107 6.40011e-123 3.49313e-167 5.37907e-166 1.09795e-115 4.27361e-126 4.39765e-211 2.45658e-139 1.50859e-48 4.84094e-95 7.9411e-104 1.24718e-153 1.52366e-74 4.39531e-133 3.63296e-227 1.20956e-58 2.1597e-169 7.82598e-108 6.80459e-111 1.2915e-97 2.91998e-96 2.23147e-50 7.12857e-66 1.25016e-151 1.23628e-149 1.40983e-90 5.04031e-140 1.33329e-138 6.09414e-35 1.15138e-184 3.26288e-89 7.99958e-72 3.68946e-106 2.59452e-138 7.7218e-130 3.87815e-222 4.30648e-149 1.57987e-109 1.39998e-150 0 0 0 0 0 0 0 0 0 0 0 0 0 0 0 0 0 0 0 0 0 0 0 0 0 0 0 0 0 0 0 0 0 0 0 0 0 0 0 0 0 0 0 0 0 0 0 0 0 0 0 0 0 0 0 0 0 0 0 0 0 0 0 0 0 0 0 0 0 0 0 0 0 0 0 0 0 0 0 0 0 0 0 0 0 0 0 0 0 0 0 0 0 0 0 0 0 0 0 0 
